143
262
266
393
522
532
562
638
676
766
845
909
953
1007
1027
1058
1088
1154
1214
1364
1400
1407
1409
1414
1424
1441
1485
1495
1525
1551
1565
1589
1600
1612
1618
1631
1701
1702
1708
1765
1767
1777
1799
1906
1924
1960
1971
1977
2079
2088
2109
2113
2167
2172
2188
2196
2202
2239
2283
2362
2385
2394
2468
2499
2507
2557
2571
2594
2602
2607
2694
2909
3044
3079
3082
3205
3329
3342
3383
3538
3620
3628
3630
3665
3669
3726
3733
3796
3824
3831
3854
3896
3910
3973
4033
4058
4070
4184
4257
4307
4394
4429
4478
4507
4510
4520
4532
4569
4583
4594
4628
4637
4640
4709
4791
4834
4845
4861
4864
4866
4903
4918
4937
4991
