0.558383	0
0.566589	0
0.741682	0
0.676176	0
0.604012	0
0.677985	0
0.572909	0
0.487987	0
0.416765	0
0.552855	0
0.653373	0
0.707411	0
0.634178	0
0.530823	0
0.521129	0
0.592119	0
0.709118	0
0.761928	0
0.688068	0
0.754935	0
0.635202	0
0.440951	0
0.530699	0
0.598376	0
0.692745	0
0.712966	0
0.550328	0
0.741479	0
0.501424	0
0.482955	0
0.68834	0
0.623865	0
0.664123	0
0.619783	0
0.698844	0
0.797672	0
0.517754	0
0.540328	0
0.797079	0
0.762254	0
0.685811	0
0.677187	0
0.540981	0
0.738207	0
0.633656	0
0.767284	0
0.724847	0
0.71393	0
0.542528	0
0.67251	0
0.656846	0
0.615221	0
0.57374	0
0.718159	0
0.536449	0
0.606861	0
0.684341	0
0.680261	0
0.53539	0
0.569937	0
0.707028	0
0.695747	0
0.504881	0
0.712646	0
0.752828	0
0.458752	0
0.612863	0
0.587194	0
0.659111	0
0.786	0
0.647181	0
0.585593	0
0.466343	0
0.679779	0
0.704272	0
0.655554	0
0.794901	0
0.799501	0
0.474175	0
0.64206	0
0.472579	0
0.650973	0
0.672928	0
0.44055	0
0.564296	0
0.50517	0
0.682393	0
0.603799	0
0.63704	0
0.398839	0
0.51057	0
0.498551	0
0.76414	0
0.551068	0
0.881958	0
0.875196	0
0.931341	0
0.812038	0
0.803885	0
0.906663	0
0.834669	0
0.806157	0
0.857191	0
0.940331	0
0.901788	0
0.81504	0
0.920375	0
0.888534	0
0.943401	0
0.819222	0
0.80227	0
0.851719	0
0.901354	0
0.920964	0
0.918233	0
0.833528	0
0.811325	0
0.944446	0
0.820599	0
0.850418	0
0.904313	0
0.879775	0
0.914165	0
0.823344	0
0.932337	0
0.925144	0
0.943622	0
0.828368	0
0.885068	0
0.907358	0
0.809553	0
0.875413	0
0.909419	0
0.936733	0
0.80319	0
0.935636	0
0.911641	0
0.935004	0
0.928737	0
0.846138	0
0.903377	0
0.882	0
0.946042	0
0.912807	0
0.887417	0
0.916843	0
0.90206	0
0.937852	0
0.925098	0
0.935504	0
0.93161	0
0.82534	0
0.939048	0
0.765104	0
0.797824	0
0.644121	0
0.988845	0
0.998321	0
0.99284	0
0.999805	0
0.999801	0
0.988583	0
0.996029	0
0.999291	0
0.980622	0
0.957478	0
0.962119	0
0.955967	0
0.999985	0
0.999978	0
0.999933	0
0.999999	0
0.990922	0
0.971005	0
0.998576	0
0.969953	0
0.956491	0
0.965171	0
0.975156	0
0.996881	0
0.997371	0
0.994845	0
0.99018	0
0.984075	0
0.989569	0
0.959988	0
0.974638	0
0.984228	0
0.99465	0
0.977719	0
0.999198	0
0.996691	0
0.989781	0
0.974836	0
0.999761	0
0.988876	0
0.960937	0
0.974315	0
0.9823	0
0.95133	0
0.997034	0
0.991216	0
0.986258	0
0.972746	0
0.996288	0
0.891994	0
0.871633	0
0.831127	0
0.897954	0
0.842546	0
0.870303	0
0.929557	0
0.833612	0
0.940296	0
0.899988	0
0.938161	0
0.872104	0
0.940066	0
0.871422	0
0.859279	0
0.937443	0
0.967932	0
0.996706	0
0.99718	0
0.981387	0
0.969172	0
0.996973	0
0.965933	0
0.951319	0
0.951236	0
0.999992	0
0.999893	0
0.993199	0
0.983055	0
0.972431	0
0.9568	0
0.961636	0
0.99691	0
0.954971	0
0.999952	0
0.996502	0
0.999852	0
0.999722	0
0.997269	0
0.965346	0
0.740394	0
0.507173	0
0.541701	0
0.630619	0
0.584068	0
0.706387	0
0.56464	0
0.732482	0
0.482097	0
0.802497	0
0.948033	0
0.873421	0
0.991076	0
0.990471	0
0.997769	0
0.9993	0
0.992023	0
0.999114	0
0.550195	0
0.620975	0
0.536081	0
0.737749	0
0.604411	0
0.508165	0
0.521461	0
0.578227	0
0.682257	0
0.720083	0
0.891584	0
0.913495	0
0.841992	0
0.884177	0
0.8267	0
0.819892	0
0.999986	0
0.988127	0
0.984249	0
0.950882	0
0.99709	0
0.999583	0
0.993327	0
0.803049	0
0.998787	0
0.997929	0
0.999884	0
0.502013	0
0.52421	0
0.662414	0
0.711932	0
0.61866	0
0.534356	0
0.564435	0
0.726785	0
0.598862	0
0.789917	0
0.62951	0
0.812791	0
0.942356	0
0.875485	0
0.891942	0
0.927571	0
0.864867	0
0.937196	0
0.869916	0
0.868996	0
0.969764	0
0.963958	0
0.956824	0
0.999611	0
0.996012	0
0.978055	0
0.999803	0
0.998046	0
0.98232	0
0.955005	0
0.979403	0
0.901658	0
0.948325	0
0.942152	0
0.822456	0
0.999921	0
0.999939	0
0.959804	0
0.951742	0
0.970551	0
0.99169	0
0.594802	0
0.425904	0
0.664451	0
0.672308	0
0.62046	0
0.73665	0
0.602618	0
0.66945	0
0.41895	0
0.503445	0
0.604423	0
0.725616	0
0.708144	0
0.550043	0
0.799647	0
0.495898	0
0.77109	0
0.697695	0
0.691651	0
0.576354	0
0.736448	0
0.691519	0
0.675815	0
0.688491	0
0.629946	0
0.679048	0
0.709399	0
0.645096	0
0.788725	0
0.617766	0
0.504751	0
0.848567	0
0.812218	0
0.862606	0
0.811007	0
0.868694	0
0.801574	0
0.817283	0
0.900058	0
0.922858	0
0.803315	0
0.813175	0
0.854084	0
0.918731	0
0.557811	0
0.533021	0
0.520307	0
0.761428	0
0.727485	0
0.79421	0
0.751881	0
0.648922	0
0.505593	0
0.669555	0
0.704994	0
0.786316	0
0.976039	0
0.990176	0
0.98894	0
0.999975	0
0.998282	0
0.999769	0
0.992936	0
0.975524	0
0.966999	0
0.974078	0
0.951579	0
0.995414	0
0.959621	0
0.991985	0
0.997883	0
0.99036	0
0.98146	0
0.999074	0
0.991539	0
0.975054	0
0.99845	0
0.999516	0
0.966649	0
0.983422	0
0.990208	0
0.999316	0
0.996513	0
0.815372	0
0.852571	0
0.860956	0
0.815013	0
0.859482	0
0.910596	0
0.811269	0
0.949269	0
0.875729	0
0.920574	0
0.867187	0
0.92237	0
0.93504	0
0.940349	0
0.906113	0
0.944741	0
0.929627	0
0.858627	0
0.938382	0
0.939086	0
0.917017	0
0.947642	0
0.909368	0
0.986954	0
0.998396	0
0.999499	0
0.99525	0
0.98239	0
0.999292	0
0.999974	0
0.999148	0
0.99818	0
0.998888	0
0.987206	0
0.98867	0
0.996687	0
0.99911	0
0.987527	0
0.999265	0
0.999561	0
0.981988	0
0.999868	0
0.995485	0
0.999884	0
0.999995	0
0.999924	0
0.999807	0
0.999205	0
0.999966	0
0.999963	0
0.950934	0
0.989684	0
0.991449	0
0.984085	0
0.993969	0
0.981834	0
0.994304	0
0.977451	0
0.996695	0
0.607481	0
0.757615	0
0.670416	0
0.676194	0
0.543725	0
0.684423	0
0.703865	0
0.707303	0
0.737195	0
0.714451	0
0.565415	0
0.520274	0
0.77358	0
0.734203	0
0.460212	0
0.557848	0
0.791259	0
0.660892	0
0.87586	0
0.943426	0
0.901926	0
0.926123	0
0.859606	0
0.943689	0
0.557403	0
0.679429	0
0.58722	0
0.660209	0
0.682499	0
0.716191	0
0.646375	0
0.543956	0
0.783725	0
0.746229	0
0.796004	0
0.682958	0
0.793262	0
0.592962	0
0.688804	0
0.697682	0
0.734385	0
0.666052	0
0.788854	0
0.590967	0
0.403293	0
0.683744	0
0.619568	0
0.967678	0
0.989203	0
0.995383	0
0.996506	0
0.997237	0
0.985287	0
0.999881	0
0.999584	0
0.99871	0
0.992306	0
0.999298	0
0.978315	0
0.979056	0
0.992982	0
0.999868	0
0.993141	0
0.997581	0
0.884174	0
0.912322	0
0.945503	0
0.938187	0
0.860777	0
0.94886	0
0.831203	0
0.92896	0
0.904497	0
0.93136	0
0.82097	0
0.855156	0
0.898022	0
0.856861	0
0.88722	0
0.932595	0
0.85776	0
0.835593	0
0.910083	0
0.94664	0
0.912942	0
0.865846	0
0.902019	0
0.865097	0
0.851321	0
0.837198	0
0.997108	0
0.999776	0
0.99997	0
0.999919	0
0.994847	0
0.980172	0
0.997476	0
0.99094	0
0.990104	0
0.975017	0
0.992707	0
0.981775	0
0.999349	0
0.964575	0
0.992063	0
0.999532	0
0.999647	0
0.987654	0
0.987341	0
0.996631	0
0.952301	0
0.967827	0
0.998418	0
0.999361	0
0.996436	0
0.987201	0
0.991948	0
0.992356	0
0.986296	0
0.998265	0
0.994171	0
0.996852	0
0.998981	0
0.991427	0
0.745886	1
0.506611	1
0.739025	1
0.597084	1
0.696204	1
0.572308	1
0.502909	1
0.772561	1
0.781833	1
0.731971	1
0.564462	1
0.513067	1
0.642699	1
0.689376	1
0.691326	1
0.63595	1
0.717114	1
0.678203	1
0.798896	1
0.778921	1
0.578352	1
0.738711	1
0.658973	1
0.720246	1
0.652799	1
0.683859	1
0.640256	1
0.671296	1
0.607549	1
0.540977	1
0.689999	1
0.59243	1
0.661792	1
0.735592	1
0.451528	1
0.568498	1
0.435009	1
0.686435	1
0.751899	1
0.771343	1
0.935966	1
0.884668	1
0.94989	1
0.902911	1
0.942522	1
0.842581	1
0.814137	1
0.836497	1
0.839142	1
0.84363	1
0.870943	1
0.902899	1
0.900807	1
0.865773	1
0.595874	1
0.542492	1
0.566523	1
0.965004	1
0.974868	1
0.999897	1
0.967606	1
0.993176	1
0.997571	1
0.999811	1
0.999542	1
0.996556	1
0.999625	1
0.999875	1
0.999932	1
0.999036	1
0.999978	1
0.999998	1
0.999687	1
0.99999	1
0.954713	1
0.997093	1
0.999396	1
0.999984	1
0.985586	1
0.972712	1
0.992671	1
0.952375	1
0.999997	1
0.999997	1
0.999978	1
0.999976	1
0.999536	1
0.959058	1
0.991618	1
0.998373	1
0.958894	1
0.978466	1
0.99468	1
0.995468	1
0.957456	1
0.957996	1
0.997175	1
0.999975	1
0.997815	1
0.999835	1
0.994491	1
0.998539	1
0.987492	1
0.999793	1
0.999732	1
0.999972	1
0.999999	1
0.99987	1
0.997628	1
0.995382	1
0.999978	1
0.999782	1
0.985961	1
0.957396	1
0.957197	1
0.990261	1
0.999826	1
0.999984	1
0.999999	1
0.997439	1
0.953792	1
0.994618	1
0.984504	1
0.999986	1
0.957459	1
0.98076	1
0.984548	1
0.998918	1
0.999487	1
0.997369	1
0.958235	1
0.998021	1
0.999852	1
0.958813	1
0.999299	1
0.998807	1
0.999977	1
0.999925	1
0.999999	1
0.99983	1
0.999998	1
0.999734	1
0.81009	1
0.949753	1
0.913786	1
0.837663	1
0.945832	1
0.940052	1
0.881816	1
0.909457	1
0.877076	1
0.946858	1
0.907978	1
0.893513	1
0.837132	1
0.975314	1
0.995919	1
0.999399	1
0.970621	1
0.999795	1
0.997956	1
0.999205	1
0.999976	1
0.999995	1
0.999976	1
0.999999	1
0.957273	1
0.995676	1
0.9884	1
0.985705	1
0.999491	1
0.999056	1
0.999954	1
0.999328	1
0.999962	1
0.999991	1
0.999309	1
0.99916	1
0.997515	1
0.99928	1
0.983021	1
0.971726	1
0.999945	1
0.999919	1
0.994335	1
0.999963	1
0.999994	1
0.999995	1
0.999993	1
0.999999	1
0.998527	1
0.993189	1
0.966045	1
0.994148	1
0.999998	1
0.999965	1
0.999444	1
0.999391	1
0.99616	1
0.997162	1
0.999941	1
0.999636	1
0.999066	1
0.999987	1
0.999399	1
0.999166	1
0.999891	1
0.999651	1
0.999298	1
0.99991	1
0.999994	1
0.971851	1
0.662554	1
0.742248	1
0.547356	1
0.688331	1
0.740509	1
0.549363	1
0.544091	1
0.655019	1
0.751454	1
0.778989	1
0.771	1
0.746484	1
0.929732	1
0.93249	1
0.945681	1
0.883079	1
0.936498	1
0.905847	1
0.946671	1
0.801602	1
0.997214	1
0.976269	1
0.995264	1
0.999999	1
1	1
1	1
0.992832	1
0.999492	1
1	1
1	1
0.999531	1
0.975838	1
1	1
1	1
0.999068	1
0.98779	1
0.999922	1
0.992903	1
0.975325	1
1	1
1	1
1	1
1	1
1	1
1	1
1	1
0.996959	1
0.998303	1
0.999822	1
0.999907	1
1	1
0.999999	1
0.99999	1
0.999537	1
0.99432	1
0.996371	1
0.999886	1
0.983684	1
0.99942	1
0.997108	1
0.994357	1
0.99126	1
0.982175	1
0.982006	1
0.996849	1
0.985274	1
0.999998	1
0.999994	1
0.997135	1
0.999717	1
0.997433	1
0.99846	1
0.999987	1
0.999504	1
0.999967	1
0.99999	1
0.998691	1
0.999875	1
0.997987	1
0.997932	1
0.999903	1
0.981258	1
1	1
0.999994	1
0.999228	1
0.99996	1
0.999926	1
0.999999	1
0.999961	1
0.999997	1
0.999997	1
0.999852	1
0.999899	1
0.999991	1
0.996912	1
0.99922	1
0.981386	1
0.997136	1
0.990121	1
0.994069	1
0.999994	1
0.999985	1
0.998661	1
0.998662	1
0.999714	1
0.99672	1
0.953837	1
0.999863	1
0.999983	1
0.999722	1
0.985775	1
0.998521	1
0.971782	1
0.916623	1
1	1
0.999993	1
0.999809	1
0.997326	1
0.994262	1
0.997377	1
0.993633	1
0.999996	1
0.999985	1
0.961663	1
0.999556	1
0.970193	1
0.999989	1
0.999943	1
0.991968	1
0.999541	1
0.650231	0
0.761444	0
0.534816	0
0.738655	0
0.589502	0
0.463589	0
0.435464	0
0.791148	0
0.517579	0
0.682704	0
0.52119	0
0.769904	0
0.705883	0
0.438676	0
0.65731	0
0.645876	0
0.508217	0
0.744114	0
0.685241	0
0.504688	0
0.797918	0
0.812468	0
0.936418	0
0.924879	0
0.84333	0
0.835993	0
0.949708	0
0.926647	0
0.885105	0
0.899442	0
0.86922	0
0.694363	0
0.603762	0
0.578879	0
0.771858	0
0.968353	0
0.999934	0
0.999879	0
0.990901	0
0.986196	0
0.999993	0
0.988261	0
0.999511	0
0.99998	0
0.99992	0
0.999974	0
0.999831	0
0.998281	0
0.999984	0
0.999529	0
0.999984	0
0.998268	0
0.999991	0
0.991048	0
0.996829	0
0.97434	0
0.974969	0
0.993145	0
0.981736	0
0.997773	0
0.996058	0
0.903014	0
0.919555	0
0.896923	0
0.863629	0
0.863717	0
0.83911	0
0.834794	0
0.999705	0
0.976443	0
0.975817	0
0.999982	0
0.993285	0
0.990508	0
0.966713	0
0.999985	0
0.999814	0
0.999997	0
0.999491	0
0.989439	0
0.998089	0
0.959955	0
0.992054	0
0.98785	0
0.999994	0
0.999907	0
0.999641	0
0.999976	0
0.991618	0
0.999999	0
1	0
0.999703	0
0.994124	0
0.999884	0
0.999985	0
0.999782	0
0.997201	0
0.955478	0
0.999287	0
0.973523	0
0.991518	0
0.99999	0
0.999898	0
0.999995	0
0.999985	0
0.999984	0
0.999985	0
0.993148	0
0.995709	0
0.999979	0
0.999828	0
0.999971	0
0.629305	0
0.542561	0
0.489824	0
0.797905	0
0.69145	0
0.869491	0
0.798259	0
0.999945	0
0.999962	0
0.956671	0
0.917453	0
0.993567	0
0.995215	0
0.996694	0
0.988459	0
0.991419	0
0.983645	0
0.999993	0
0.999999	0
0.99998	0
0.994381	0
0.742481	1
0.636908	1
0.728457	1
0.660785	1
0.410857	1
0.51121	1
0.63063	1
0.643896	1
0.759145	1
0.787658	1
0.741063	1
0.562106	1
0.576341	1
0.798215	1
0.659436	1
0.550465	1
0.552805	1
0.569134	1
0.79077	1
0.658996	1
0.543282	1
0.622227	1
0.765307	1
0.684109	1
0.570679	1
0.711238	1
0.756106	1
0.682028	1
0.536828	1
0.606724	1
0.728743	1
0.798884	1
0.652316	1
0.782126	1
0.767527	1
0.716655	1
0.747272	1
0.465869	1
0.514072	1
0.711437	1
0.599628	1
0.748561	1
0.781184	1
0.671036	1
0.783749	1
0.611531	1
0.513848	1
0.672368	1
0.946898	1
0.949938	1
0.929753	1
0.900352	1
0.890923	1
0.842851	1
0.942615	1
0.915521	1
0.896596	1
0.917368	1
0.824014	1
0.941014	1
0.918265	1
0.853722	1
0.800617	1
0.889571	1
0.861684	1
0.914075	1
0.828581	1
0.874286	1
0.936532	1
0.838624	1
0.927201	1
0.897351	1
0.864828	1
0.938065	1
0.882573	1
0.856934	1
0.915887	1
0.912275	1
0.903423	1
0.842514	1
0.912162	1
0.517137	1
0.69379	1
0.647022	1
0.596537	1
0.782437	1
0.652574	1
0.632259	1
0.699449	1
0.647434	1
0.761037	1
0.688245	1
0.752853	1
0.693122	1
0.789104	1
0.758074	1
0.355561	1
0.641772	1
0.540534	1
0.596751	1
0.551808	1
0.635781	1
0.606377	1
0.585509	1
0.715603	1
0.7361	1
0.542111	1
0.763599	1
0.658276	1
0.729799	1
0.579201	1
0.775911	1
0.677131	1
0.505707	1
0.55	1
0.777659	1
0.587556	1
0.707307	1
0.648849	1
0.590995	1
0.639073	1
0.659407	1
0.778886	1
0.787294	1
0.665578	1
0.765204	1
0.500439	1
0.721665	1
0.999128	1
0.998789	1
0.993005	1
0.996237	1
0.999717	1
0.999027	1
1	1
0.999995	1
0.999833	1
0.999983	1
0.999993	1
0.999904	1
0.965297	1
0.999484	1
0.999999	1
0.999993	1
0.999992	1
0.999986	1
0.999998	1
0.999999	1
0.999999	1
1	1
0.999998	1
0.987682	1
0.999768	1
0.999529	1
0.999704	1
0.999976	1
0.982967	1
0.985392	1
0.999957	1
1	1
0.999995	1
1	1
0.999989	1
0.999994	1
0.999999	1
0.999999	1
0.999998	1
0.999953	1
1	1
1	1
1	1
1	1
1	1
1	1
1	1
0.999993	1
0.999997	1
0.999988	1
0.999997	1
0.999933	1
0.999916	1
0.999997	1
0.999894	1
0.99994	1
0.99972	1
1	1
0.999979	1
0.998846	1
0.999774	1
0.999823	1
0.999903	1
0.999999	1
0.999999	1
0.999999	1
0.999678	1
0.999984	1
0.999897	1
0.999907	1
1	1
0.963754	1
0.999969	1
0.998136	1
0.993335	1
0.999895	1
0.999993	1
0.999985	1
0.999991	1
0.999951	1
0.999911	1
0.998363	1
0.999964	1
0.999839	1
0.99991	1
0.99975	1
0.99929	1
0.962861	1
0.978875	1
0.984195	1
0.962419	1
0.991747	1
0.999631	1
0.999716	1
0.963317	1
0.989928	1
0.979199	1
0.99482	1
0.995775	1
0.997023	1
0.971682	1
0.975628	1
0.985892	1
0.995137	1
0.998842	1
0.999784	1
0.999703	1
0.997385	1
0.996822	1
0.999996	1
0.995605	1
0.999957	1
0.999885	1
0.998653	1
0.988079	1
0.995743	1
0.999907	1
0.99988	1
0.999637	1
0.998184	1
0.961575	1
0.992531	1
0.999178	1
0.999942	1
0.999985	1
0.999765	1
0.999921	1
0.999999	1
0.999995	1
1	1
0.999996	1
1	1
0.999634	1
0.999476	1
0.999977	1
0.99985	1
0.999764	1
0.999753	1
0.998821	1
0.99888	1
0.968109	1
0.99717	1
0.98338	1
0.978014	1
0.959065	1
0.994895	1
0.994831	1
0.993017	1
0.998077	1
0.998404	1
0.996947	1
0.999881	1
0.999944	1
1	1
0.999999	1
0.999997	1
0.999833	1
0.999796	1
0.999994	1
0.999996	1
0.999823	1
1	1
0.999933	1
0.961507	1
0.968098	1
0.999996	1
1	1
1	1
1	1
1	1
0.974258	1
0.999565	1
0.999999	1
0.999998	1
0.999985	1
1	1
0.999999	1
0.999981	1
1	1
0.999997	1
0.999992	1
0.999999	1
0.999995	1
0.999999	1
0.998488	1
0.996913	1
0.999087	1
0.997606	1
0.999578	1
0.999877	1
0.999839	1
0.99758	1
0.999982	1
0.999979	1
0.999923	1
0.999991	1
0.999999	1
0.999915	1
1	1
1	1
0.999999	1
1	1
0.999997	1
0.986146	1
0.999787	1
0.998135	1
0.999291	1
0.977424	1
0.972177	1
0.998859	1
0.999526	1
0.999584	1
0.999875	1
0.999338	1
0.999529	1
0.99661	1
0.995761	1
0.990741	1
0.999961	1
0.999146	1
1	1
0.999998	1
1	1
0.999999	1
0.999974	1
0.999997	1
0.999085	1
0.999672	1
0.999756	1
0.966841	1
0.999654	1
0.999927	1
0.969586	1
0.999996	1
0.999993	1
0.999988	1
0.99997	1
0.999999	1
0.999999	1
0.999991	1
0.999978	1
0.999982	1
0.999966	1
0.999608	1
0.9992	1
0.99997	1
0.999999	1
0.926161	1
0.947521	1
0.944635	1
0.812071	1
0.831524	1
0.831457	1
0.948692	1
0.855072	1
0.948956	1
0.86076	1
0.912444	1
0.892286	1
0.945155	1
0.84619	1
0.832183	1
0.882251	1
0.948695	1
0.930864	1
0.828593	1
0.94485	1
0.900809	1
0.911616	1
0.87763	1
0.948864	1
0.942058	1
0.824754	1
0.847767	1
0.922566	1
0.924686	1
0.881175	1
0.944151	1
0.886567	1
0.884264	1
0.945191	1
0.935007	1
0.914702	1
0.945864	1
0.937505	1
0.944128	1
0.892072	1
0.823806	1
0.932265	1
0.92298	1
0.947871	1
0.917214	1
0.890969	1
0.917262	1
0.895891	1
0.871076	1
0.900021	1
0.90275	1
0.855797	1
0.917624	1
0.91372	1
0.927006	1
0.819225	1
0.889846	1
0.861137	1
0.814274	1
0.891697	1
0.927772	1
0.915266	1
0.879907	1
0.842538	1
0.934292	1
0.914204	1
0.858794	1
0.94023	1
0.900067	1
0.835016	1
0.905078	1
0.804803	1
0.885003	1
0.909157	1
0.881022	1
0.825198	1
0.804159	1
0.939584	1
0.943857	1
0.849384	1
0.942383	1
0.900749	1
0.834235	1
0.939113	1
0.895122	1
0.919651	1
0.949776	1
0.859849	1
0.813075	1
0.861202	1
0.948134	1
0.894874	1
0.917755	1
0.929931	1
0.909539	1
0.929394	1
0.999332	1
0.998957	1
0.995565	1
0.995908	1
0.980095	1
0.981251	1
0.999999	1
0.999967	1
0.991005	1
0.961098	1
0.981891	1
0.999994	1
1	1
1	1
1	1
1	1
1	1
1	1
0.999999	1
0.976721	1
0.981993	1
0.989559	1
0.993456	1
0.999998	1
0.999998	1
0.999998	1
0.999986	1
0.999994	1
0.999911	1
1	1
1	1
0.999999	1
0.999995	1
0.999962	1
0.99984	1
0.999923	1
1	1
0.998059	1
0.993812	1
0.998641	1
1	1
0.999998	1
1	1
0.99763	1
0.998322	1
0.97236	1
1	1
1	1
0.999999	1
1	1
0.999996	1
0.999993	1
0.999999	1
0.999996	1
1	1
0.999996	1
0.999998	1
0.981732	1
0.974113	1
0.999999	1
0.999957	1
1	1
0.999997	1
0.999317	1
0.999998	1
1	1
0.999999	1
0.999866	1
0.999621	1
0.999919	1
0.999999	1
0.999999	1
1	1
0.999998	1
0.974759	1
0.999997	1
1	1
0.993207	1
0.999987	1
1	1
1	1
0.999981	1
0.999983	1
0.999994	1
0.999965	1
0.998364	1
0.999546	1
0.999892	1
0.999991	1
0.999939	1
0.999999	1
0.999987	1
0.996564	1
0.999944	1
0.999993	1
0.999997	1
0.999998	1
0.999924	1
0.999967	1
0.997335	1
0.999993	1
1	1
0.999981	1
0.986556	1
0.986185	1
0.999874	1
0.999998	1
0.999992	1
0.999206	1
0.995338	1
0.991447	1
0.998629	1
0.999903	1
0.996145	1
0.99966	1
0.999323	1
0.999834	1
0.96829	1
0.95522	1
0.967551	1
0.999842	1
0.99905	1
0.999237	1
0.988186	1
0.998721	1
0.997068	1
0.99964	1
0.99914	1
0.979501	1
0.972282	1
0.998678	1
0.971246	1
0.994365	1
0.999715	1
0.955638	1
0.999989	1
1	1
0.999992	1
0.999982	1
0.999986	1
0.99985	1
0.999344	1
0.999693	1
0.999069	1
0.999635	1
0.999999	1
0.999976	1
0.999992	1
0.994051	1
0.990311	1
0.995697	1
0.978334	1
0.999877	1
0.992138	1
0.999094	1
0.950989	1
0.987024	1
0.999493	1
0.999935	1
0.999995	1
0.999771	1
0.99999	1
0.999377	1
0.999993	1
0.992537	1
0.998979	1
1	1
0.999999	1
0.999521	1
0.978703	1
0.999507	1
0.999087	1
0.995136	1
0.973852	1
0.996717	1
0.998148	1
0.999998	1
0.999997	1
0.999299	1
0.993293	1
0.999993	1
0.999349	1
0.998391	1
0.988448	1
0.999794	1
0.999878	1
0.999999	1
0.999999	1
0.999989	1
0.984538	1
0.999789	1
0.998787	1
0.984704	1
0.999979	1
0.970261	1
0.999348	1
0.982278	1
0.982646	1
0.997255	1
0.999547	1
0.999985	1
0.986266	1
0.974536	1
0.999969	1
0.999964	1
0.999944	1
0.999942	1
0.999916	1
0.999046	1
0.999965	1
0.999974	1
0.999926	1
0.999965	1
0.999641	1
0.99816	1
0.993259	1
0.990358	1
0.992111	1
0.999489	1
1	1
0.999999	1
0.999999	1
1	1
1	1
1	1
0.999728	1
0.999737	1
0.999688	1
0.999925	1
0.999992	1
0.999991	1
0.999996	1
1	1
1	1
0.999999	1
0.999999	1
0.999999	1
0.999999	1
0.999999	1
1	1
0.999999	1
0.999999	1
0.999998	1
0.999999	1
1	1
0.999997	1
1	1
1	1
0.999999	1
0.997648	1
0.999959	1
0.999999	1
0.999641	1
0.999994	1
0.999999	1
1	1
0.98414	1
0.998025	1
0.999999	1
0.999986	1
0.998776	1
0.999992	1
0.999998	1
0.999999	1
0.999967	1
0.999998	1
0.999998	1
0.999996	1
1	1
1	1
0.998231	1
0.998219	1
0.990998	1
0.980447	1
0.997837	1
0.999962	1
0.999999	1
0.999997	1
0.999999	1
0.999526	1
0.981928	1
0.999027	1
0.99982	1
0.994623	1
0.999393	1
0.986531	1
0.996203	1
0.999451	1
0.999993	1
0.999322	1
0.999763	1
0.999743	1
0.97472	1
0.974091	1
0.993706	1
0.977698	1
0.956727	1
0.999999	1
0.999983	1
1	1
0.999999	1
1	1
1	1
0.999999	1
0.999993	1
0.999931	1
0.999971	1
1	1
0.98898	1
0.998523	1
0.99588	1
0.999907	1
0.999346	1
0.999993	1
0.998463	1
0.999263	1
0.999393	1
0.999123	1
0.999924	1
0.999965	1
0.999965	1
0.999701	1
0.99902	1
0.999994	1
0.999998	1
0.999996	1
0.999911	1
0.999828	1
0.999999	1
0.999628	1
0.99969	1
0.999955	1
1	1
0.999935	1
0.99998	1
0.999981	1
0.999999	1
0.999986	1
0.999997	1
0.999404	1
0.999993	1
0.997519	1
0.999961	1
0.999998	1
0.968061	1
0.988825	1
0.974522	1
0.999859	1
1	1
1	1
1	1
0.999999	1
1	1
0.999998	1
0.999999	1
0.999996	1
0.999996	1
0.999999	1
0.999997	1
0.999999	1
0.999998	1
0.999995	1
0.966943	1
0.966574	1
1	1
1	1
0.999998	1
1	1
1	1
0.999997	1
1	1
0.999936	1
0.999996	1
0.999457	1
0.999689	1
0.99986	1
0.999697	1
0.999983	1
0.999942	1
0.999997	1
0.999992	1
0.999974	1
0.999999	1
0.999988	1
0.999995	1
0.999993	1
0.999996	1
0.999976	1
0.999915	1
0.999985	1
0.999754	1
0.999959	1
1	1
0.999996	1
0.999999	1
0.999995	1
1	1
1	1
1	1
0.999998	1
0.999978	1
0.999999	1
0.999999	1
0.999955	1
0.999979	1
0.995892	1
0.999995	1
0.999999	1
0.989416	1
0.999606	1
0.999999	1
0.999998	1
0.999997	1
1	1
1	1
0.999989	1
0.999995	1
0.999984	1
0.999996	1
1	1
0.996979	1
0.999947	1
0.999987	1
0.985975	1
0.967202	1
0.999988	1
0.999867	1
1	1
0.999996	1
0.995846	1
0.999981	1
0.999843	1
0.999998	1
0.999994	1
0.999978	1
0.999998	1
0.999999	1
0.998604	1
0.999986	1
0.999981	1
0.999781	1
0.999999	1
1	1
1	1
1	1
1	1
0.999998	1
1	1
1	1
1	1
0.999986	1
0.999999	1
0.999996	1
1	1
0.999999	1
0.999972	1
0.999998	1
1	1
1	1
1	1
1	1
0.999999	1
1	1
1	1
0.999988	1
0.999999	1
1	1
1	1
0.998012	1
0.999997	1
1	1
0.999993	1
0.999996	1
1	1
1	1
0.999997	1
0.999999	1
1	1
1	1
1	1
0.999999	1
0.999987	1
0.999999	1
0.999987	1
0.999998	1
1	1
0.999997	1
0.999962	1
0.997302	1
1	1
1	1
1	1
1	1
1	1
1	1
1	1
1	1
1	1
1	1
1	1
0.999358	1
0.999999	1
0.999997	1
0.999994	1
0.99999	1
0.999991	1
0.999973	1
0.999988	1
0.999999	1
0.999996	1
0.999996	1
0.999997	1
0.999998	1
0.999995	1
1	1
0.999994	1
1	1
0.999983	1
0.999955	1
0.999744	1
0.99998	1
0.999891	1
1	1
1	1
0.999995	1
0.999998	1
1	1
1	1
1	1
1	1
1	1
1	1
1	1
0.996052	1
0.999061	1
0.994836	1
0.987111	1
0.999825	1
0.999022	1
0.99493	1
0.978109	1
0.99341	1
0.999089	1
0.963273	1
0.97473	1
1	1
1	1
1	1
0.999999	1
1	1
0.999992	1
0.999999	1
0.999999	1
1	1
1	1
0.999999	1
1	1
0.999998	1
0.999996	1
0.999998	1
0.999999	1
0.998939	1
0.999956	1
0.999957	1
0.999985	1
0.995584	1
0.987651	1
0.999818	1
1	1
1	1
1	1
1	1
1	1
1	1
1	1
0.999999	1
1	1
0.999997	1
0.999837	1
1	1
1	1
1	1
1	1
1	1
0.999997	1
1	1
1	1
1	1
1	1
1	1
0.999999	1
1	1
1	1
0.999996	1
1	1
0.999996	1
1	1
0.999999	1
0.999999	1
0.99996	1
0.994155	1
0.999994	1
0.978784	1
0.99977	1
0.99991	1
0.999991	1
0.999891	1
1	1
1	1
1	1
0.999998	1
0.999999	1
1	1
0.999852	1
0.999891	1
0.999955	1
0.999964	1
0.999997	1
0.999997	1
0.999955	1
0.999971	1
0.999994	1
0.983494	1
0.997287	1
0.99977	1
0.999968	1
0.999804	1
0.999936	1
0.999223	1
1	1
1	1
1	1
1	1
0.999989	1
1	1
0.999996	1
1	1
1	1
0.999997	1
0.999999	1
1	1
1	1
1	1
1	1
1	1
1	1
0.999989	1
0.99996	1
0.999999	1
0.999999	1
0.999953	1
0.999998	1
0.981423	1
1	1
1	1
1	1
1	1
0.999994	1
1	1
1	1
1	1
0.999999	1
0.999901	1
0.999102	1
0.999908	1
0.999939	1
0.999845	1
0.998984	1
0.999108	1
0.999736	1
0.99925	1
0.999621	1
0.998358	1
0.999915	1
0.998326	1
0.994817	1
0.999758	1
0.999984	1
0.999999	1
1	1
0.999999	1
0.999999	1
0.999999	1
0.999999	1
0.999997	1
0.999912	1
0.999999	1
0.999993	1
0.999819	1
0.99995	1
0.999997	1
1	1
1	1
0.999982	1
1	1
0.999999	1
0.999999	1
0.999999	1
0.999999	1
1	1
0.999999	1
0.999995	1
0.999996	1
0.999999	1
1	1
0.999999	1
0.999999	1
0.999999	1
0.996447	1
0.999995	1
0.999998	1
0.999909	1
0.999984	1
0.995814	1
0.999992	1
0.999876	1
0.999887	1
0.999979	1
0.99999	1
0.999998	1
0.999926	1
0.999983	1
0.999988	1
0.999985	1
0.99998	1
0.999984	1
0.999991	1
0.999984	1
0.999992	1
0.999999	1
0.999999	1
0.999996	1
1	1
0.999997	1
0.999999	1
0.999999	1
0.999995	1
0.999998	1
0.999999	1
0.999999	1
0.999999	1
0.999995	1
1	1
0.999994	1
0.999968	1
1	1
1	1
1	1
1	1
1	1
1	1
0.999996	1
1	1
1	1
1	1
0.999997	1
0.999996	1
0.999976	1
0.999997	1
0.999988	1
0.999998	1
0.999999	1
0.999989	1
0.999986	1
0.999995	1
0.999994	1
0.999999	1
0.999936	1
0.99315	1
0.999939	1
0.965343	1
0.999987	1
0.999967	1
0.999965	1
0.999998	1
0.999967	1
0.999999	1
0.999997	1
0.964694	1
0.999994	1
0.999995	1
0.999984	1
0.999999	1
0.999957	1
0.999999	1
0.999999	1
0.999794	1
0.999657	1
0.993718	1
0.992273	1
0.99992	1
1	1
1	1
0.999273	1
0.999999	1
0.99999	1
0.999967	1
0.99995	1
0.999998	1
0.994029	1
0.999996	1
1	1
0.9999	1
1	1
0.999999	1
0.999701	1
0.9902	1
0.969187	1
0.992615	1
0.986254	1
0.991061	1
0.971539	1
0.992978	1
0.996261	1
0.999984	1
0.997303	1
0.999668	1
0.99896	1
0.998989	1
0.999899	1
0.999994	1
0.999996	1
0.999997	1
1	1
0.999996	1
0.999999	1
1	1
1	1
1	1
0.999997	1
0.999999	1
0.999999	1
0.998559	1
0.994618	1
0.999823	1
0.992285	1
0.998407	1
0.9914	1
0.999763	1
0.99876	1
0.976421	1
0.996955	1
0.997243	1
0.977894	1
0.999127	1
1	1
1	1
1	1
1	1
0.999993	1
1	1
0.999997	1
0.999985	1
0.999982	1
0.99967	1
0.991601	1
0.989993	1
0.999986	1
0.997972	1
0.99992	1
0.984445	1
0.9967	1
0.999764	1
0.999588	1
0.998898	1
0.999941	1
0.999999	1
0.999985	1
0.999984	1
0.999986	1
0.999988	1
0.997612	1
0.99999	1
0.999944	1
0.999945	1
0.999961	1
0.99996	1
0.999697	1
1	1
0.999999	1
1	1
1	1
1	1
0.999988	1
0.999917	1
0.999974	1
0.999986	1
0.99997	1
0.999795	1
0.999605	1
0.999995	1
0.995358	1
0.996042	1
0.999913	1
1	1
1	1
1	1
1	1
1	1
1	1
0.977076	1
1	1
1	1
0.999996	1
0.999999	1
1	1
1	1
0.999995	1
1	1
0.999999	1
0.999793	1
0.999874	1
0.999994	1
0.996506	1
0.999985	1
0.999997	1
0.99998	1
0.999981	1
0.999999	1
0.999999	1
0.999999	1
1	1
0.999997	1
1	1
0.999993	1
0.999999	1
0.999999	1
0.999994	1
0.999929	1
0.985735	1
0.999994	1
0.99975	1
0.999994	1
0.999974	1
0.999967	1
0.999464	1
0.999999	1
1	1
0.999999	1
1	1
0.999934	1
0.999983	1
1	1
0.999994	1
0.999996	1
1	1
1	1
1	1
1	1
1	1
1	1
1	1
0.999999	1
0.999895	1
0.999972	1
0.999321	1
0.999863	1
0.997535	1
0.999992	1
0.999766	1
0.999762	1
0.999926	1
0.997144	1
0.99983	1
0.999967	1
0.999701	1
0.995647	1
0.999897	1
0.99997	1
0.999414	1
0.99982	1
0.999927	1
0.998402	1
0.994768	1
0.994628	1
0.997158	1
0.999344	1
0.999845	1
0.999742	1
0.988082	1
0.988807	1
0.995691	1
0.986473	1
0.992804	1
0.999351	1
0.99991	1
0.999759	1
0.999713	1
0.998084	1
0.999538	1
0.997373	1
0.999333	1
0.999999	1
0.996298	1
0.999677	1
0.999998	1
0.999995	1
0.999955	1
0.965581	1
0.970228	1
0.999845	1
0.999901	1
0.999975	1
0.999994	1
0.999995	1
0.999999	1
0.999038	1
0.966033	1
0.999339	1
0.982603	1
0.999976	1
0.9983	1
0.988003	1
0.993405	1
0.9999	1
0.999961	1
0.998302	1
0.99898	1
0.999788	1
0.997179	1
0.999307	1
0.999328	1
0.999675	1
0.984606	1
0.999996	1
0.999973	1
0.999979	1
0.999926	1
0.999964	1
0.999603	1
0.988543	1
0.974294	1
0.983848	1
0.999947	1
0.958372	1
0.98927	1
0.99954	1
0.963963	1
0.999555	1
0.995433	1
0.990193	1
0.997834	1
0.998368	1
0.999247	1
0.999993	1
0.999805	1
0.959565	1
0.996498	1
0.999959	1
0.999982	1
0.999601	1
0.997089	1
0.999578	1
0.997159	1
0.998783	1
0.998345	1
0.997895	1
0.983841	1
0.998724	1
0.999999	1
0.999999	1
1	1
1	1
0.999995	1
0.99996	1
0.999974	1
1	1
0.999952	1
0.999985	1
0.990639	1
0.999761	1
0.995645	1
0.988766	1
0.993821	1
0.999893	1
0.999999	1
0.999999	1
1	1
0.999992	1
0.999993	1
0.999999	1
1	1
1	1
1	1
0.999997	1
0.994144	1
0.999995	1
0.999913	1
0.999935	1
0.996333	1
0.993044	1
0.999995	1
0.974158	1
0.999906	1
0.999757	1
0.999826	1
0.999002	1
0.988359	1
0.972905	1
0.999605	1
0.99968	1
0.999976	1
0.996838	1
0.998552	1
0.999523	1
0.998021	1
0.999952	1
0.999994	1
0.999999	1
0.999998	1
0.999998	1
0.999988	1
0.997927	1
0.992939	1
0.999338	1
0.999107	1
0.999998	1
0.99996	1
0.999999	1
1	1
0.999896	1
0.999997	1
0.999988	1
0.998374	1
0.987128	1
0.999848	1
0.998125	1
0.999998	1
0.999999	1
0.999858	1
0.999999	1
0.999998	1
0.99999	1
0.996266	1
0.999981	1
0.999998	1
0.994176	1
0.999977	1
0.975778	1
0.998088	1
0.999998	1
0.999883	1
0.968897	1
0.96251	1
0.99936	1
0.997208	1
0.998865	1
0.997183	1
0.991255	1
0.999915	1
0.999819	1
0.99827	1
0.997621	1
0.999769	1
0.995783	1
0.999895	1
0.999692	1
0.999744	1
0.999974	1
0.999926	1
0.999908	1
0.999805	1
0.99996	1
0.999967	1
0.999665	1
0.999988	1
0.999999	1
0.999986	1
0.999998	1
0.999996	1
0.999997	1
0.999971	1
0.99985	1
0.998447	1
0.999952	1
0.999721	1
0.99999	1
0.999991	1
1	1
0.999996	1
0.999985	1
1	1
0.999999	1
0.999978	1
0.999985	1
0.999704	1
0.999999	1
0.999348	1
0.99955	1
0.999997	1
0.999942	1
0.999806	1
0.999975	1
0.994321	1
0.999992	1
0.999967	1
1	1
0.999999	1
1	1
1	1
1	1
0.999997	1
0.999999	1
0.999864	1
0.999998	1
0.99999	1
0.999999	1
0.999998	1
0.999995	1
0.999894	1
0.999998	1
0.999941	1
0.999966	1
0.999993	1
1	1
0.999996	1
0.999996	1
0.999999	1
1	1
0.999763	1
0.99872	1
0.999993	1
0.999941	1
0.999888	1
0.999987	1
0.99997	1
0.999636	1
0.999984	1
0.999906	1
0.995473	1
0.999064	1
0.999727	1
0.999995	1
0.999376	1
0.999997	1
1	1
0.999999	1
0.999999	1
0.999999	1
0.999965	1
0.999998	1
0.999993	1
0.999995	1
1	1
0.999887	1
0.99991	1
0.999997	1
0.999869	1
0.999942	1
0.999928	1
0.999817	1
0.999995	1
0.999892	1
0.999858	1
0.999959	1
1	1
1	1
0.999998	1
0.999995	1
0.999991	1
1	1
0.999996	1
1	1
0.999899	1
0.999988	1
0.999996	1
0.999825	1
0.999946	1
0.999319	1
0.999846	1
0.999981	1
0.999949	1
0.999982	1
0.999996	1
0.999999	1
0.999999	1
1	1
0.981789	1
0.990274	1
0.99983	1
0.967918	1
0.999445	1
0.999294	1
0.997953	1
0.996414	1
0.99841	1
0.992462	1
0.999933	1
0.999851	1
0.999973	1
0.999986	1
0.998997	1
0.955256	1
0.995982	1
0.990709	1
0.996466	1
0.999959	1
0.99998	1
0.999995	1
0.999973	1
0.999963	1
0.999993	1
0.999529	1
0.998183	1
0.999771	1
0.999787	1
0.999938	1
0.999885	1
0.990482	1
0.998766	1
0.999779	1
0.998017	1
0.99995	1
0.999953	1
0.999329	1
0.999975	1
0.999354	1
0.999975	1
1	1
0.99552	1
0.999984	1
0.999361	1
0.999174	1
0.999755	1
0.986224	1
0.99955	1
0.999579	1
0.996722	1
0.999896	1
0.999732	1
0.999958	1
0.999684	1
0.999004	1
0.992314	1
0.999118	1
0.992257	1
1	1
0.999997	1
0.999964	1
0.999995	1
0.999353	1
0.998958	1
0.999696	1
0.999999	1
0.999982	1
0.999986	1
0.999998	1
1	1
0.999996	1
0.999999	1
0.999996	1
0.992909	1
0.990111	1
0.999335	1
0.993009	1
0.999989	1
0.999487	1
0.999976	1
0.999853	1
0.988889	1
0.999709	1
0.999866	1
0.999965	1
0.999913	1
0.99957	1
0.992923	1
0.999992	1
0.969242	1
0.999384	1
0.982286	1
0.987714	1
0.99998	1
0.992969	1
0.999379	1
0.999125	1
0.99999	1
0.998369	1
0.999892	1
0.96079	1
0.999962	1
0.991467	1
0.999868	1
0.994236	1
0.984618	1
0.999617	1
0.999114	1
0.999998	1
0.95929	1
0.999928	1
0.99516	1
0.992039	1
0.995557	1
0.999691	1
0.999998	1
0.999701	1
0.998707	1
0.999905	1
0.999988	1
0.999964	1
0.999994	1
0.999999	1
0.999998	1
1	1
1	1
0.999999	1
1	1
0.999999	1
0.998747	1
0.999998	1
0.999996	1
0.999999	1
0.999995	1
0.999973	1
0.999974	1
0.999995	1
0.999893	1
0.999998	1
0.999999	1
0.999997	1
0.999995	1
0.999993	1
0.999992	1
0.99999	1
0.992701	1
0.998008	1
0.999952	1
0.999849	1
0.999442	1
0.999995	1
0.999982	1
0.999952	1
0.997372	1
0.999936	1
0.999983	1
0.987222	1
0.982522	1
0.98613	1
0.976344	1
0.974032	1
0.995977	1
0.999854	1
0.999778	1
0.99738	1
0.96767	1
0.999989	1
0.999974	1
0.999911	1
0.999937	1
0.999996	1
0.999921	1
0.999991	1
0.999995	1
0.99993	1
0.999994	1
0.999999	1
0.999916	1
0.999365	1
0.999931	1
0.999935	1
0.998982	1
0.998339	1
0.998091	1
0.99879	1
0.998164	1
0.999962	1
0.999948	1
0.999925	1
0.999792	1
0.998607	1
0.999975	1
0.999974	1
0.999993	1
0.999997	1
0.999999	1
0.999998	1
0.999994	1
0.999982	1
0.999992	1
0.99998	1
0.999932	1
0.999866	1
0.999611	1
0.999829	1
1	1
0.999999	1
1	1
1	1
0.999999	1
0.999999	1
0.999999	1
1	1
0.999999	1
1	1
0.999999	1
0.999992	1
0.999999	1
1	1
0.999997	1
1	1
0.999999	1
0.999999	1
0.999913	1
0.99999	1
0.999997	1
0.999966	1
0.999993	1
0.999997	1
0.999989	1
0.999989	1
0.999992	1
0.999998	1
0.999994	1
0.999999	1
0.999944	1
0.999992	1
0.999986	1
0.999998	1
0.99946	1
0.999808	1
0.99986	1
0.999341	1
0.993763	1
0.998911	1
0.999619	1
0.999994	1
0.999959	1
0.999966	1
0.999958	1
0.999966	1
0.999982	1
0.999642	1
0.999997	1
0.999999	1
0.999939	1
0.999988	1
0.999995	1
0.999919	1
0.999707	1
0.999864	1
0.999998	1
0.99997	1
0.999984	1
0.999997	1
0.999975	1
0.999953	1
0.999992	1
0.999907	1
0.999991	1
0.999993	1
0.999967	1
0.999952	1
0.999999	1
0.999986	1
0.999999	1
0.999998	1
0.999997	1
0.999998	1
0.999622	1
0.999938	1
1	1
0.999988	1
0.999963	1
0.999996	1
0.999939	1
0.999934	1
0.999923	1
0.999946	1
0.999988	1
0.999945	1
0.999988	1
0.999635	1
0.999818	1
0.998997	1
0.998361	1
0.999997	1
0.999042	1
0.999998	1
0.999989	1
0.999973	1
0.999799	1
0.999947	1
0.999873	1
0.999839	1
0.999856	1
0.999718	1
0.999896	1
0.999257	1
0.999509	1
0.998939	1
0.999596	1
0.999533	1
0.983502	1
0.999931	1
0.999811	1
0.999978	1
0.999996	1
0.99998	1
0.999981	1
0.999976	1
0.999969	1
0.999379	1
0.999997	1
0.999998	1
0.999992	1
0.997835	1
0.999513	1
0.999994	1
0.999996	1
0.994907	1
0.993258	1
0.998464	1
0.999874	1
0.999976	1
0.99709	1
0.964367	1
0.999999	1
0.999983	1
1	1
0.999992	1
1	1
0.999991	1
1	1
0.999983	1
0.99994	1
0.999936	1
0.999993	1
0.998757	1
0.999917	1
0.999951	1
0.993738	1
0.999808	1
0.999965	1
0.999681	1
0.998882	1
0.999993	1
0.999926	1
0.99961	1
0.999993	1
0.999862	1
0.999876	1
0.999993	1
0.999978	1
0.999968	1
0.999986	1
0.999963	1
0.999974	1
0.99456	1
0.999849	1
0.999964	1
0.999966	1
0.999573	1
1	1
0.999999	1
1	1
1	1
0.999997	1
1	1
0.991139	1
1	1
0.999979	1
0.99947	1
0.999919	1
0.998751	1
0.999919	1
0.991496	1
0.999954	1
0.999923	1
0.999739	1
0.999999	1
0.999994	1
0.999993	1
0.999794	1
0.999933	1
0.999999	1
0.999998	1
0.999962	1
0.999936	1
0.999995	1
0.999998	1
1	1
0.999998	1
0.999907	1
0.999708	1
0.999999	1
0.999878	1
0.997963	1
0.99999	1
1	1
0.999997	1
1	1
0.999999	1
0.999974	1
0.999998	1
1	1
1	1
0.999999	1
0.999625	1
0.999792	1
0.999999	1
0.999995	1
0.999988	1
0.999999	1
0.999965	1
0.999999	1
0.999998	1
0.999912	1
0.999999	1
0.999997	1
0.999998	1
0.999763	1
0.999553	1
0.999362	1
0.999795	1
0.999999	1
1	1
1	1
1	1
0.999999	1
1	1
1	1
0.985462	1
0.996114	1
0.97116	1
0.996169	1
0.970008	1
0.999999	1
0.999858	1
0.999998	1
0.999999	1
1	1
0.999987	1
1	1
1	1
0.999893	1
0.999914	1
1	1
1	1
1	1
0.999999	1
1	1
0.999999	1
1	1
1	1
1	1
0.999999	1
0.999997	1
0.999819	1
0.999364	1
1	1
1	1
1	1
1	1
1	1
1	1
1	1
1	1
1	1
1	1
0.999999	1
1	1
0.999999	1
1	1
0.999999	1
1	1
1	1
0.999999	1
0.999998	1
1	1
0.999998	1
0.999999	1
0.999999	1
0.999999	1
1	1
1	1
1	1
1	1
0.999935	1
1	1
1	1
0.999998	1
1	1
1	1
1	1
1	1
0.999999	1
0.99996	1
0.999999	1
1	1
0.999999	1
0.999998	1
0.999998	1
0.999994	1
0.999962	1
0.999999	1
1	1
0.999997	1
0.999998	1
0.999999	1
1	1
1	1
1	1
1	1
0.999997	1
0.999998	1
0.999862	1
0.999986	1
0.999819	1
0.999993	1
0.997746	1
0.999992	1
0.999983	1
0.953994	1
0.999997	1
0.999974	1
0.992382	1
0.999998	1
0.999564	1
0.999948	1
0.999483	1
0.999996	1
0.999999	1
0.999999	1
0.999999	1
0.999973	1
0.999999	1
0.999999	1
0.999987	1
0.999989	1
0.99999	1
0.999943	1
1	1
0.963359	1
0.999999	1
1	1
1	1
0.999993	1
0.999999	1
0.999998	1
0.999999	1
0.999997	1
0.999963	1
1	1
0.999615	1
0.999995	1
0.998123	1
0.999989	1
0.999917	1
0.997429	1
0.999907	1
0.999902	1
0.999989	1
0.999994	1
0.999996	1
0.999997	1
0.999689	1
0.999999	1
0.999942	1
0.999998	1
0.999999	1
0.999989	1
0.999984	1
0.999987	1
0.999918	1
0.978638	1
0.968866	1
0.956892	1
0.999842	1
0.993784	1
0.993608	1
0.99989	1
0.999313	1
0.998999	1
0.999775	1
0.998117	1
0.999995	1
0.999979	1
0.999999	1
0.998128	1
0.999998	1
0.999985	1
0.99996	1
0.999993	1
0.999976	1
0.997803	1
0.999982	1
0.99933	1
0.999991	1
0.999932	1
0.999907	1
0.999936	1
0.999883	1
0.999815	1
0.99992	1
0.999991	1
0.999981	1
0.999958	1
0.999851	1
0.99412	1
0.999973	1
0.999889	1
0.999997	1
0.99999	1
0.995087	1
0.996338	1
0.996904	1
0.992034	1
0.999999	1
0.999876	1
0.999996	1
0.999999	1
1	1
1	1
0.999983	1
0.999999	1
0.999997	1
0.999998	1
0.999928	1
0.999979	1
0.999998	1
1	1
1	1
0.985243	1
0.999847	1
0.999137	1
1	1
1	1
0.999992	1
1	1
1	1
1	1
1	1
0.999999	1
0.999999	1
0.980906	1
0.983921	1
0.998953	1
0.999996	1
0.999996	1
0.999991	1
0.999991	1
0.993528	1
0.999998	1
0.999997	1
0.999549	1
0.999642	1
0.999999	1
1	1
1	1
1	1
1	1
1	1
1	1
0.993346	1
0.992824	1
0.975975	1
1	1
0.999999	1
1	1
0.99995	1
0.999969	1
0.999842	1
0.999968	1
1	1
1	1
1	1
0.999992	1
0.999968	1
1	1
0.999999	1
0.999998	1
0.999984	1
0.999999	1
0.999997	1
1	1
1	1
0.999999	1
0.999999	1
0.999998	1
0.999989	1
0.999948	1
0.999952	1
0.999984	1
0.999917	1
0.999996	1
0.999973	1
0.999989	1
0.996051	1
0.999976	1
1	1
1	1
1	1
1	1
0.999999	1
1	1
0.998604	1
0.999978	1
0.999999	1
1	1
0.999999	1
1	1
1	1
1	1
0.999996	1
0.999991	1
0.999959	1
1	1
1	1
0.999654	1
0.999122	1
1	1
0.999903	1
0.999967	1
0.999961	1
0.999373	1
0.999732	1
0.99907	1
0.999828	1
0.99989	1
0.999997	1
0.996073	1
0.991893	1
0.999943	1
0.999997	1
0.999979	1
0.999992	1
0.999573	1
1	1
0.999981	1
0.998878	1
0.999485	1
0.99997	1
0.999988	1
0.999996	1
1	1
0.999999	1
1	1
1	1
1	1
1	1
1	1
0.999998	1
1	1
0.999997	1
0.999998	1
0.999965	1
0.999996	1
0.952838	1
1	1
0.99896	1
0.9999	1
0.999559	1
0.999749	1
0.997694	1
0.999939	1
0.997956	1
0.999721	1
0.999991	1
1	1
0.999999	1
0.999999	1
1	1
1	1
1	1
0.999965	1
0.999822	1
0.99952	1
0.999434	1
0.997814	1
0.995503	1
0.999996	1
0.999036	1
0.999975	1
0.999923	1
0.999431	1
0.999996	1
0.999987	1
0.999994	1
0.999996	1
0.999995	1
0.999947	1
0.999992	1
0.999955	1
0.999912	1
0.999889	1
0.999999	1
0.999978	1
0.999933	1
1	1
1	1
0.999998	1
1	1
0.999999	1
1	1
1	1
0.999979	1
0.999999	1
0.999793	1
0.999998	1
0.991335	1
0.963191	1
0.999999	1
1	1
0.999592	1
0.999987	1
0.999999	1
0.999999	1
0.999989	1
0.999998	1
0.999996	1
0.999997	1
1	1
0.999978	1
0.999999	1
1	1
0.96182	1
0.988553	1
0.999997	1
0.989773	1
0.999583	1
0.999999	1
0.999998	1
1	1
0.999999	1
0.999999	1
0.999991	1
1	1
0.999999	1
1	1
1	1
0.999998	1
0.999969	1
0.999998	1
0.999993	1
1	1
0.999985	1
0.999999	1
1	1
1	1
1	1
0.999998	1
1	1
0.999998	1
1	1
0.999996	1
1	1
0.999999	1
0.999998	1
1	1
1	1
1	1
0.999999	1
0.999999	1
1	1
1	1
1	1
0.999996	1
0.999978	1
0.999947	1
0.999978	1
0.999998	1
0.999985	1
0.999988	1
0.999969	1
0.999952	1
0.999994	1
0.999968	1
0.999988	1
0.999873	1
0.99999	1
0.999995	1
0.999987	1
0.999998	1
0.999999	1
0.999948	1
0.999996	1
0.999995	1
0.999975	1
0.999995	1
0.99997	1
0.999914	1
0.999967	1
0.999969	1
0.99999	1
0.999996	1
1	1
0.999982	1
1	1
1	1
0.999746	1
0.999998	1
0.999989	1
0.999999	1
0.999998	1
0.999959	1
0.999985	1
0.999996	1
0.999761	1
0.999997	1
0.999942	1
0.999998	1
0.999994	1
1	1
0.999997	1
0.999962	1
0.999678	1
0.999999	1
0.999993	1
1	1
0.999999	1
0.999996	1
0.999998	1
0.999991	1
1	1
0.999999	1
0.999967	1
0.999949	1
0.999784	1
0.999111	1
0.999967	1
0.999997	1
0.999999	1
1	1
0.999998	1
1	1
1	1
0.99997	1
0.999999	1
0.999905	1
0.995607	1
0.99815	1
0.999959	1
0.999991	1
0.999356	1
0.99965	1
0.999962	1
0.999998	1
0.999983	1
0.999997	1
0.999962	1
0.999887	1
0.999816	1
0.999943	1
0.999997	1
0.999999	1
0.999999	1
0.999918	1
0.99997	1
1	1
0.999998	1
0.999803	1
1	1
0.999999	1
0.999981	1
0.99854	1
0.999999	1
0.999984	1
0.999999	1
0.999998	1
1	1
0.999999	1
0.999687	1
0.999979	1
0.999915	1
0.99984	1
1	1
0.999799	1
0.999956	1
0.999999	1
0.999997	1
0.999894	1
0.999984	1
0.999922	1
0.999898	1
0.999998	1
0.980679	1
0.99655	1
0.999676	1
0.99997	1
0.999786	1
0.999983	1
0.998998	1
0.999996	1
0.999035	1
0.999996	1
0.994703	1
0.99991	1
0.999773	1
0.99998	1
0.999939	1
0.99993	1
1	1
0.999998	1
0.999999	1
0.999997	1
0.999998	1
0.999999	1
0.999987	1
0.999997	1
0.999929	1
0.999993	1
0.999997	1
0.998429	1
0.999931	1
0.999974	1
0.999952	1
0.999877	1
0.996619	1
0.999884	1
0.999994	1
0.999989	1
0.999986	1
0.999998	1
0.999966	1
0.999897	1
0.999998	1
0.999885	1
0.999967	1
0.999796	1
0.999851	1
0.994935	1
0.999786	1
0.99999	1
0.999885	1
1	1
1	1
1	1
1	1
0.99999	1
0.999999	1
0.999937	1
0.999782	1
0.997962	1
0.999775	1
0.996118	1
0.999995	1
0.999874	1
0.999983	1
0.99935	1
0.994762	1
0.973172	1
0.988727	1
0.995106	1
0.95351	1
0.993814	1
0.993944	1
0.997801	1
0.997822	1
0.994496	1
0.999998	1
0.999988	1
0.999999	1
0.999432	1
0.999945	1
0.999828	1
0.999995	1
0.999999	1
0.999998	1
0.999991	1
0.999998	1
1	1
0.999997	1
0.999996	1
0.999999	1
0.999972	1
0.999995	1
0.999994	1
0.999999	1
0.999998	1
0.999992	1
0.999999	1
1	1
0.999949	1
0.999989	1
0.999992	1
0.999997	1
0.999999	1
0.999994	1
0.999996	1
0.999567	1
0.999996	1
0.999996	1
0.999945	1
0.999999	1
0.999998	1
0.999998	1
0.999976	1
0.999997	1
0.999999	1
0.999991	1
0.999995	1
0.999997	1
0.999989	1
0.999992	1
