0.454121	0
0.71443	0
0.563091	0
0.343	0
0.496672	0
0.457525	0
0.538204	0
0.472454	0
0.466808	0
0.52483	0
0.653009	0
0.500285	0
0.512064	0
0.515689	0
0.629609	0
0.478324	0
0.28316	0
0.466808	0
0.426652	0
0.485861	0
0.365466	0
0.600295	0
0.622226	0
0.726705	0
0.458803	0
0.786837	0
0.435609	0
0.49156	0
0.584181	0
0.487873	0
0.476745	0
0.496718	0
0.622609	0
0.455309	0
0.456118	0
0.465509	0
0.394081	0
0.759539	0
0.651727	0
0.526467	0
0.501755	0
0.414236	0
0.522645	0
0.736178	0
0.423955	0
0.595053	0
0.468542	0
0.391696	0
0.637635	0
0.519728	0
0.520389	0
0.504695	0
0.553423	0
0.580259	0
0.690858	0
0.495467	0
0.530529	0
0.562657	0
0.596689	0
0.495749	0
0.26044	0
0.706467	0
0.597796	0
0.705141	0
0.661201	0
0.469621	0
0.410705	0
0.941515	0
0.813837	0
0.893855	0
0.851684	0
0.81487	0
0.891813	0
0.930049	0
0.917847	0
0.886076	0
0.881562	0
0.914616	0
0.902975	0
0.87405	0
0.858688	0
0.921448	0
0.940042	0
0.908312	0
0.937899	0
0.893246	0
0.927342	0
0.850586	0
0.908119	0
0.892186	0
0.88351	0
0.889894	0
0.869315	0
0.922425	0
0.414359	0
0.498272	0
0.678069	0
0.639835	0
0.514629	0
0.585006	0
0.661042	0
0.503603	0
0.439489	0
0.745313	0
0.513862	0
0.638094	0
0.500002	0
0.619792	0
0.586145	0
0.585335	0
0.585255	0
0.332735	0
0.522595	0
0.495499	0
0.441777	0
0.459912	0
0.586037	0
0.604585	0
0.50023	0
0.636359	0
0.547058	0
0.387317	0
0.599537	0
0.372502	0
0.470106	0
0.501658	0
0.738949	0
0.595017	0
0.769569	0
0.593938	0
0.609574	0
0.523053	0
0.539028	0
0.39709	0
0.339068	0
0.620305	0
0.406691	0
0.462083	0
0.605929	0
0.435461	0
0.626272	0
0.504685	0
0.40341	0
0.650175	0
0.648165	0
0.658172	0
0.71087	0
0.579938	0
0.646081	0
0.746881	0
0.695768	0
0.509085	0
0.637147	0
0.998722	0
0.96487	0
0.978323	0
0.465551	0
0.611017	0
0.382193	0
0.503991	0
0.673476	0
0.726531	0
0.605933	0
0.482603	0
0.55523	0
0.375542	0
0.770092	0
0.434316	0
0.735508	0
0.547648	0
0.732378	0
0.663654	0
0.68471	0
0.699734	0
0.632003	0
0.636592	0
0.753651	0
0.479922	0
0.695421	0
0.73824	0
0.513885	0
0.638095	0
0.643096	0
0.533273	0
0.605239	0
0.289443	0
0.359488	0
0.504186	0
0.477614	0
0.548356	0
0.761895	0
0.530064	0
0.504836	0
0.49022	0
0.673893	0
0.727229	0
0.635799	0
0.641335	0
0.615699	0
0.455774	0
0.534624	0
0.591948	0
0.495456	0
0.731398	0
0.551221	0
0.925236	0
0.880246	0
0.888228	0
0.889562	0
0.834344	0
0.921243	0
0.87311	0
0.88126	0
0.88661	0
0.879562	0
0.802857	0
0.842522	0
0.890046	0
0.827844	0
0.828069	0
0.995111	0
0.841879	0
0.838605	0
0.800641	0
0.858	0
0.817303	0
0.901683	0
0.933786	0
0.829555	0
0.905709	0
0.822633	0
0.822862	0
0.881539	0
0.916779	0
0.916419	0
0.873739	0
0.929441	0
0.864199	0
0.821433	0
0.815684	0
0.880566	0
0.817168	0
0.971481	0
0.981062	0
0.962039	0
0.436476	0
0.557591	0
0.302399	0
0.505187	0
0.549549	0
0.52833	0
0.61306	0
0.877718	0
0.938746	0
0.5538	0
0.687605	0
0.536055	0
0.472422	0
0.698997	0
0.557529	0
0.470232	0
0.66566	0
0.802563	0
0.478324	0
0.638958	0
0.478041	0
0.539251	0
0.503109	0
0.676622	0
0.518929	0
0.493704	0
0.323007	0
0.864392	0
0.412343	0
0.468703	0
0.724846	0
0.529825	0
0.392744	0
0.641222	0
0.654879	0
0.587585	0
0.335368	0
0.553298	0
0.442578	0
0.267386	0
0.667491	0
0.815843	0
0.836791	0
0.831419	0
0.997065	0
0.721549	0
0.460862	0
0.39087	0
0.719006	0
0.457658	0
0.536772	0
0.728946	0
0.756335	0
0.751986	0
0.543967	0
0.81188	0
0.639002	0
0.386573	0
0.310475	0
0.540348	0
0.689878	0
0.574421	0
0.562345	0
0.492802	0
0.785205	0
0.377259	0
0.386216	0
0.358748	0
0.671873	0
0.305588	0
0.670738	0
0.734173	0
0.757078	0
0.739587	0
0.588988	0
0.714389	0
0.891102	0
0.981284	0
0.983026	0
0.994791	0
0.814336	0
0.932675	0
0.986556	0
0.984049	0
0.985182	0
0.985613	0
0.888381	1
0.848572	1
0.493139	1
0.492955	1
0.703707	1
0.423147	1
0.577168	1
0.520401	1
0.574919	1
0.49714	1
0.619109	1
0.66618	1
0.682244	1
0.775419	1
0.726225	1
0.579402	1
0.947457	1
0.809385	1
0.916656	1
0.855546	1
0.903349	1
0.918126	1
0.872488	1
0.801075	1
0.915293	1
0.901566	1
0.808295	1
0.912169	1
0.919768	1
0.8582	1
0.934547	1
0.692765	1
0.649648	1
0.684288	1
0.551829	1
0.434216	1
0.334566	1
0.523088	1
0.737634	1
0.685054	1
0.774028	1
0.610415	1
0.630888	1
0.788512	1
0.980868	1
0.988195	1
0.993957	1
0.992931	1
0.998162	1
0.989397	1
0.987154	1
0.991825	1
0.974659	1
0.952889	1
0.990242	1
0.975888	1
0.548617	1
0.580069	1
0.46367	1
0.679474	1
0.518775	1
0.690104	1
0.632124	1
0.623933	1
0.4024	1
0.667731	1
0.677286	1
0.423612	1
0.605488	1
0.514559	1
0.505834	1
0.592388	1
0.592169	1
0.730027	1
0.700174	1
0.653283	1
0.666076	1
0.696012	1
0.697484	1
0.772571	1
0.545521	1
0.585292	1
0.611597	1
0.910865	1
0.823737	1
0.824709	1
0.803466	1
0.920672	1
0.934991	1
0.875001	1
0.81921	1
0.938163	1
0.815352	1
0.997445	1
0.999386	1
0.998084	1
0.997513	1
0.970801	1
0.979271	1
0.998876	1
0.996192	1
0.998313	1
0.99625	1
0.993269	1
0.989018	1
0.973591	1
0.807559	1
0.908717	1
0.937479	1
0.839358	1
0.867902	1
0.922132	1
0.879163	1
0.915858	1
0.948746	1
0.922093	1
0.882288	1
0.941618	1
0.810907	1
0.827084	1
0.943663	1
0.945426	1
0.910547	1
0.969856	1
0.955787	1
0.967836	1
0.975621	1
0.993029	1
0.981011	1
0.997175	1
0.971574	1
0.99411	1
0.995445	1
0.999	1
0.998898	1
0.993842	1
0.990723	1
0.993869	1
0.99429	1
0.954242	1
0.971696	1
0.967656	1
0.601936	1
0.683836	1
0.641562	1
0.538477	1
0.772903	1
0.550652	1
0.520413	1
0.903696	1
0.929232	1
0.879027	1
0.938468	1
0.830717	1
0.908393	1
0.931101	1
0.93272	1
0.932707	1
0.945518	1
0.914799	1
0.471441	1
0.493675	1
0.536853	1
0.770535	1
0.704734	1
0.706175	1
0.999636	1
0.998839	1
0.966929	1
0.998024	1
0.99878	1
0.999733	1
0.999057	1
0.960877	1
0.978084	1
0.99147	1
0.99288	1
0.981116	1
0.993555	1
0.985481	1
0.994308	1
0.957437	1
0.991335	1
0.994597	1
0.994988	1
0.997604	1
0.998919	1
0.982659	1
0.996635	1
0.746469	1
0.510659	1
0.522904	1
0.764517	1
0.656765	1
0.492374	1
0.730828	1
0.750506	1
0.584835	1
0.668405	1
0.766219	1
0.593298	1
0.787962	1
0.690106	1
0.599603	1
0.599617	1
0.669065	1
0.840278	1
0.945151	1
0.934419	1
0.879487	1
0.940478	1
0.849524	1
0.979334	1
0.989474	1
0.998849	1
0.996371	1
0.998456	1
0.99881	1
0.973409	1
0.975202	1
0.950719	1
0.996812	1
0.989202	1
0.990267	1
0.985188	1
0.97509	1
0.994733	1
0.954582	1
0.991864	1
0.981696	1
0.997028	1
0.994859	1
0.925924	1
0.885079	1
0.915012	1
0.942955	1
0.921322	1
0.879581	1
0.856866	1
0.887607	1
0.926248	1
0.862577	1
0.836614	1
0.818368	1
0.930341	1
0.957599	1
0.990988	1
0.973091	1
0.970367	1
0.997523	1
0.988653	1
0.997482	1
0.989839	1
0.999509	1
0.998103	1
0.98588	1
0.99241	1
0.994563	1
0.993881	1
0.990757	1
0.992696	1
0.970891	1
0.960017	1
0.992086	1
0.97614	1
0.97523	1
0.447215	0
0.541562	0
0.777174	0
0.77806	0
0.443324	0
0.367916	0
0.452073	0
0.498123	0
0.536173	0
0.471636	0
0.78271	0
0.781608	0
0.469501	0
0.438037	0
0.767947	0
0.693716	0
0.587539	0
0.687112	0
0.775977	0
0.476658	0
0.633031	0
0.721793	0
0.777083	0
0.529648	0
0.679155	0
0.596132	0
0.62041	0
0.515642	0
0.63828	0
0.941094	0
0.91439	0
0.832959	0
0.889328	0
0.838842	0
0.830289	0
0.938943	0
0.908322	0
0.811758	0
0.885386	0
0.889864	0
0.502639	0
0.655282	0
0.608147	0
0.552285	0
0.573437	0
0.787361	0
0.319067	0
0.709621	0
0.549382	0
0.56494	0
0.666337	0
0.740851	0
0.586459	0
0.587703	0
0.977099	0
0.952811	0
0.992759	0
0.650873	0
0.704944	0
0.519781	0
0.703419	0
0.658546	0
0.73425	0
0.796985	0
0.669531	0
0.637472	0
0.765965	0
0.74418	0
0.514478	0
0.627584	0
0.699831	0
0.606563	0
0.566589	0
0.618842	0
0.593073	0
0.572793	0
0.456459	0
0.535657	0
0.620038	0
0.53839	0
0.530027	0
0.635803	0
0.598608	0
0.598608	0
0.597423	0
0.592694	0
0.679595	0
0.454688	0
0.54962	0
0.722273	0
0.786906	0
0.670093	0
0.562469	0
0.540323	0
0.585401	0
0.49101	0
0.522686	0
0.701463	0
0.712794	0
0.685918	0
0.492632	0
0.499214	0
0.457303	0
0.588329	0
0.550117	0
0.724332	0
0.670838	0
0.740128	0
0.584366	0
0.62047	0
0.56112	0
0.583664	0
0.644133	0
0.608023	0
0.529472	0
0.540792	0
0.732242	0
0.555058	0
0.64474	0
0.568668	0
0.587698	0
0.482543	0
0.655605	0
0.746746	0
0.719861	0
0.515977	0
0.613993	0
0.709837	0
0.544655	0
0.684023	0
0.742128	0
0.714914	0
0.692593	0
0.33269	0
0.680887	0
0.595588	0
0.743426	0
0.649312	0
0.776605	0
0.636074	0
0.746373	0
0.797291	0
0.816917	0
0.914353	0
0.8015	0
0.906532	0
0.861246	0
0.926001	0
0.922096	0
0.907141	0
0.933208	0
0.855648	0
0.911221	0
0.974092	0
0.975358	0
0.887152	0
0.902496	0
0.809295	0
0.853596	0
0.821638	0
0.895091	0
0.93324	0
0.943696	0
0.880914	0
0.841313	0
0.94631	0
0.917628	0
0.856242	0
0.839579	0
0.854578	0
0.894366	0
0.890482	0
0.882675	0
0.891239	0
0.874289	0
0.829965	0
0.935367	0
0.948557	0
0.944956	0
0.934406	0
0.825625	0
0.84261	0
0.927439	0
0.908247	0
0.86194	0
0.886886	0
0.948542	0
0.876498	0
0.892083	0
0.848302	0
0.850663	0
0.817671	0
0.896908	0
0.970595	0
0.952187	0
0.959366	0
0.97821	0
0.962298	0
0.963784	0
0.997887	0
0.97339	0
0.967039	0
0.96973	0
0.960948	0
0.97314	0
0.976986	0
0.956669	0
0.976918	0
0.972012	0
0.950535	0
0.978173	0
0.970987	0
0.548585	0
0.591259	0
0.696411	0
0.612902	0
0.48442	0
0.652869	0
0.610789	0
0.529596	0
0.585767	0
0.91056	0
0.901115	0
0.812313	0
0.584028	0
0.534727	0
0.361384	0
0.479716	0
0.476508	0
0.52412	0
0.528761	0
0.512867	0
0.553527	0
0.776755	0
0.534167	0
0.749587	0
0.580222	0
0.500137	0
0.482343	0
0.711327	0
0.514855	0
0.710153	0
0.778345	0
0.672123	0
0.719876	0
0.552731	0
0.612198	0
0.302942	0
0.373198	0
0.655063	0
0.556988	0
0.439276	0
0.572669	0
0.418399	0
0.468375	0
0.799638	0
0.51584	0
0.445528	0
0.360227	0
0.590931	0
0.269394	0
0.560134	0
0.435101	0
0.65794	0
0.571122	0
0.387638	0
0.69531	0
0.736236	0
0.690209	0
0.642757	0
0.68763	0
0.578226	0
0.656193	0
0.345227	0
0.557155	0
0.547872	0
0.488717	0
0.724298	0
0.532768	0
0.669348	0
0.629584	0
0.353831	0
0.573747	0
0.505516	0
0.699962	0
0.659838	0
0.754116	0
0.642979	0
0.523257	0
0.729373	0
0.704043	0
0.773136	0
0.683718	0
0.536295	0
0.518357	0
0.438927	0
0.473732	0
0.404915	0
0.516343	0
0.40832	0
0.6531	0
0.374474	0
0.563986	0
0.546103	0
0.559032	0
0.505521	0
0.542311	0
0.75486	0
0.594588	0
0.314378	0
0.647667	0
0.290336	0
0.53525	0
0.460498	0
0.557354	0
0.532448	0
0.442847	0
0.661394	0
0.652234	0
0.487441	0
0.529481	0
0.694683	0
0.751989	0
0.508765	0
0.630918	0
0.988336	0
0.860121	0
0.856303	0
0.81498	0
0.885179	0
0.855868	0
0.804014	0
0.826636	0
0.814086	0
0.825017	0
0.926606	0
0.851691	0
0.945888	0
0.911819	0
0.800717	0
0.95231	0
0.967506	0
0.720371	0
0.610604	0
0.776463	0
0.603361	0
0.362925	0
0.602256	0
0.655183	0
0.691693	0
0.755083	0
0.437968	0
0.504403	0
0.567311	0
0.523564	0
0.442238	0
0.669415	0
0.557421	0
0.366999	0
0.808484	0
0.879311	0
0.896025	0
0.89991	0
0.669378	0
0.53755	0
0.607798	0
0.748553	0
0.550818	0
0.512378	0
0.390861	0
0.495145	0
0.674669	0
0.663086	0
0.997965	0
0.98255	0
0.981315	0
0.985183	0
0.555824	0
0.602989	0
0.72481	0
0.571461	0
0.766834	0
0.69117	0
0.409901	0
0.513226	0
0.654432	0
0.771006	0
0.460999	0
0.745399	0
0.730908	0
0.523766	0
0.773748	0
0.747436	0
0.738594	0
0.570649	0
0.583455	0
0.657942	0
0.296101	0
0.718255	0
0.524067	0
0.509164	0
0.683261	0
0.488394	0
0.831535	0
0.900145	0
0.852756	0
0.907535	0
0.999199	0
0.991864	0
0.973624	0
0.858998	0
0.914068	0
0.943178	0
0.906969	0
0.813564	0
0.834902	0
0.837782	0
0.858436	0
0.920726	0
0.887306	0
0.91618	0
0.926954	0
0.948889	0
0.869818	0
0.871249	0
0.916878	0
0.886307	0
0.94098	0
0.838209	0
0.908909	0
0.938894	0
0.980456	0
0.988501	0
0.998681	0
0.992722	0
0.986136	0
0.999498	0
0.998544	0
0.998379	0
0.966639	0
0.991965	0
0.964226	0
0.985041	0
0.993836	0
0.983607	0
0.995463	0
0.977312	0
0.985221	0
0.98309	0
0.963946	0
0.966872	0
0.959269	0
0.964055	0
0.995324	0
0.405505	0
0.416098	0
0.884061	0
0.910423	0
0.822881	0
0.672456	0
0.992196	0
0.579966	0
0.513312	0
0.631393	0
0.984478	0
0.876209	0
0.829368	0
0.907262	0
0.926857	0
0.899892	0
0.94186	0
0.996359	0
0.994106	0
0.990038	0
0.987435	0
0.794503	1
0.430591	1
0.776557	1
0.63525	1
0.535275	1
0.756503	1
0.506098	1
0.700022	1
0.661574	1
0.755572	1
0.647362	1
0.397335	1
0.689017	1
0.703192	1
0.588577	1
0.696976	1
0.702468	1
0.527993	1
0.715806	1
0.651317	1
0.792063	1
0.482835	1
0.65677	1
0.537929	1
0.737558	1
0.642506	1
0.792801	1
0.61199	1
0.818933	1
0.812088	1
0.949213	1
0.938153	1
0.895736	1
0.85535	1
0.868076	1
0.886965	1
0.909576	1
0.935632	1
0.811693	1
0.829072	1
0.944373	1
0.872436	1
0.901177	1
0.903366	1
0.802758	1
0.855024	1
0.855232	1
0.92388	1
0.573835	1
0.658387	1
0.49028	1
0.587949	1
0.540826	1
0.666993	1
0.468996	1
0.571984	1
0.585666	1
0.67511	1
0.715887	1
0.701279	1
0.472289	1
0.705345	1
0.474521	1
0.502218	1
0.78083	1
0.505811	1
0.762807	1
0.530731	1
0.696549	1
0.725607	1
0.488641	1
0.42922	1
0.606765	1
0.701428	1
0.740767	1
0.697886	1
0.648867	1
0.34246	1
0.785335	1
0.639248	1
0.738235	1
0.952393	1
0.996241	1
0.961757	1
0.975037	1
0.987236	1
0.999877	1
0.994351	1
0.988775	1
0.993994	1
0.99876	1
0.965664	1
0.997706	1
0.952973	1
0.998795	1
0.997529	1
0.997436	1
0.999074	1
0.999313	1
0.999134	1
0.998918	1
0.99867	1
0.996609	1
0.991069	1
0.995371	1
0.992143	1
0.975778	1
0.999481	1
0.992354	1
0.982216	1
0.975725	1
0.98792	1
0.960523	1
0.998209	1
0.985333	1
0.999169	1
0.95492	1
0.991753	1
0.99063	1
0.953926	1
0.997354	1
0.995899	1
0.986115	1
0.999348	1
0.978538	1
0.998757	1
0.992664	1
0.99815	1
0.46666	1
0.711525	1
0.725321	1
0.79078	1
0.798288	1
0.595779	1
0.364106	1
0.646205	1
0.538664	1
0.59994	1
0.464508	1
0.749041	1
0.649433	1
0.794527	1
0.589805	1
0.579537	1
0.711999	1
0.489659	1
0.782335	1
0.783574	1
0.522298	1
0.579641	1
0.788867	1
0.629458	1
0.544569	1
0.627514	1
0.479583	1
0.763948	1
0.654475	1
0.557463	1
0.780101	1
0.503228	1
0.691873	1
0.731194	1
0.655052	1
0.578385	1
0.646583	1
0.54492	1
0.716748	1
0.680551	1
0.525332	1
0.668409	1
0.703071	1
0.777398	1
0.696296	1
0.748353	1
0.796294	1
0.589041	1
0.739128	1
0.700213	1
0.644752	1
0.745685	1
0.79608	1
0.615227	1
0.652314	1
0.754244	1
0.717094	1
0.622074	1
0.600652	1
0.794829	1
0.697122	1
0.618799	1
0.65161	1
0.46697	1
0.754911	1
0.642484	1
0.66947	1
0.530654	1
0.798789	1
0.625946	1
0.747371	1
0.724491	1
0.790406	1
0.629136	1
0.797086	1
0.406893	1
0.765593	1
0.716697	1
0.717019	1
0.717377	1
0.54722	1
0.64095	1
0.738354	1
0.496096	1
0.358412	1
0.734911	1
0.405512	1
0.379415	1
0.387151	1
0.503028	1
0.792917	1
0.767158	1
0.667538	1
0.648871	1
0.584991	1
0.520311	1
0.528872	1
0.754073	1
0.424967	1
0.433674	1
0.490727	1
0.474944	1
0.748513	1
0.746128	1
0.668968	1
0.462922	1
0.590417	1
0.639298	1
0.723322	1
0.735783	1
0.747978	1
0.59569	1
0.794711	1
0.537727	1
0.786177	1
0.682561	1
0.691745	1
0.584254	1
0.778128	1
0.779637	1
0.753616	1
0.742308	1
0.374851	1
0.74084	1
0.535763	1
0.553527	1
0.66417	1
0.535662	1
0.705299	1
0.749875	1
0.599273	1
0.720355	1
0.720853	1
0.572372	1
0.714093	1
0.704052	1
0.727062	1
0.611088	1
0.788524	1
0.700935	1
0.765335	1
0.542805	1
0.794299	1
0.797717	1
0.677034	1
0.723984	1
0.775023	1
0.714555	1
0.726987	1
0.536437	1
0.731555	1
0.627146	1
0.599602	1
0.795767	1
0.714398	1
0.65645	1
0.731624	1
0.690778	1
0.766078	1
0.691271	1
0.573036	1
0.609269	1
0.756565	1
0.528748	1
0.647245	1
0.516917	1
0.401979	1
0.544519	1
0.757816	1
0.71369	1
0.756842	1
0.616081	1
0.709772	1
0.563387	1
0.368153	1
0.536247	1
0.649052	1
0.550705	1
0.400677	1
0.536954	1
0.581673	1
0.767064	1
0.797569	1
0.578325	1
0.713286	1
0.498634	1
0.583642	1
0.637792	1
0.618709	1
0.484011	1
0.609191	1
0.409124	1
0.655022	1
0.419988	1
0.755455	1
0.583017	1
0.708302	1
0.75355	1
0.769032	1
0.740103	1
0.576515	1
0.521298	1
0.769663	1
0.558559	1
0.682275	1
0.406304	1
0.49657	1
0.645898	1
0.501489	1
0.735592	1
0.696334	1
0.489294	1
0.78722	1
0.681108	1
0.688661	1
0.576621	1
0.69983	1
0.669936	1
0.646184	1
0.651885	1
0.72139	1
0.595796	1
0.64272	1
0.773144	1
0.564567	1
0.555854	1
0.488735	1
0.708942	1
0.790894	1
0.57643	1
0.760767	1
0.502213	1
0.721196	1
0.781316	1
0.394779	1
0.712427	1
0.559688	1
0.796724	1
0.778876	1
0.789647	1
0.730412	1
0.679745	1
0.567691	1
0.518571	1
0.777189	1
0.632437	1
0.416412	1
0.941301	1
0.896481	1
0.899306	1
0.910417	1
0.854322	1
0.90015	1
0.942744	1
0.940964	1
0.94847	1
0.810913	1
0.886118	1
0.91158	1
0.837145	1
0.801449	1
0.870606	1
0.942727	1
0.867067	1
0.915016	1
0.827695	1
0.853663	1
0.942527	1
0.905169	1
0.884265	1
0.857993	1
0.865616	1
0.858565	1
0.812567	1
0.899723	1
0.941213	1
0.896587	1
0.868509	1
0.898275	1
0.871021	1
0.830934	1
0.926694	1
0.974951	1
0.961973	1
0.984386	1
0.988839	1
0.996741	1
0.982695	1
0.982437	1
0.960942	1
0.980595	1
0.983873	1
0.957437	1
0.986537	1
0.992294	1
0.991524	1
0.999265	1
0.959716	1
0.987603	1
0.997511	1
0.997613	1
0.997343	1
0.999652	1
0.999212	1
0.96561	1
0.998921	1
0.998691	1
0.998863	1
0.996981	1
0.999134	1
0.995231	1
0.985369	1
0.997645	1
0.987966	1
0.978688	1
0.999716	1
0.999424	1
0.99911	1
0.989359	1
0.972385	1
0.997159	1
0.989271	1
0.997298	1
0.995712	1
0.97883	1
0.989312	1
0.961812	1
0.997738	1
0.953114	1
0.977133	1
0.966219	1
0.955866	1
0.997385	1
0.963423	1
0.96335	1
0.990561	1
0.980338	1
0.998821	1
0.99903	1
0.994638	1
0.9913	1
0.997394	1
0.99537	1
0.949573	1
0.94901	1
0.859921	1
0.824151	1
0.816292	1
0.833105	1
0.92529	1
0.89249	1
0.8971	1
0.926991	1
0.931237	1
0.939709	1
0.800076	1
0.949158	1
0.842457	1
0.918587	1
0.939197	1
0.800977	1
0.948513	1
0.885035	1
0.930447	1
0.947062	1
0.922179	1
0.812509	1
0.819338	1
0.904133	1
0.884297	1
0.893046	1
0.806409	1
0.927657	1
0.840137	1
0.924166	1
0.928598	1
0.890064	1
0.808353	1
0.949982	1
0.935885	1
0.947319	1
0.941715	1
0.883419	1
0.869551	1
0.844628	1
0.923386	1
0.949288	1
0.9322	1
0.943898	1
0.846443	1
0.823107	1
0.913294	1
0.938541	1
0.93795	1
0.948069	1
0.840603	1
0.893272	1
0.834825	1
0.859567	1
0.80659	1
0.849959	1
0.86499	1
0.829041	1
0.872745	1
0.877082	1
0.911138	1
0.920901	1
0.943793	1
0.847036	1
0.916581	1
0.808215	1
0.840924	1
0.949454	1
0.910595	1
0.931331	1
0.868009	1
0.903255	1
0.93893	1
0.881095	1
0.93041	1
0.818383	1
0.931478	1
0.911945	1
0.890841	1
0.850859	1
0.94158	1
0.89625	1
0.914313	1
0.847252	1
0.891059	1
0.843174	1
0.871034	1
0.94701	1
0.943834	1
0.938985	1
0.836789	1
0.863212	1
0.933927	1
0.939529	1
0.924858	1
0.947474	1
0.862375	1
0.865108	1
0.937113	1
0.93245	1
0.928242	1
0.865722	1
0.861247	1
0.812156	1
0.937996	1
0.825113	1
0.84729	1
0.895629	1
0.90707	1
0.947176	1
0.926188	1
0.924881	1
0.946151	1
0.9456	1
0.894736	1
0.863252	1
0.923134	1
0.862729	1
0.866751	1
0.925642	1
0.909134	1
0.907911	1
0.832241	1
0.944014	1
0.870758	1
0.832812	1
0.943632	1
0.818637	1
0.828409	1
0.940868	1
0.901105	1
0.927142	1
0.872503	1
0.87962	1
0.897272	1
0.928929	1
0.913851	1
0.921423	1
0.896519	1
0.854783	1
0.867412	1
0.859099	1
0.82188	1
0.918062	1
0.923302	1
0.904183	1
0.8315	1
0.861061	1
0.822066	1
0.855143	1
0.941103	1
0.940201	1
0.936096	1
0.933411	1
0.930784	1
0.860887	1
0.866893	1
0.911242	1
0.930376	1
0.868027	1
0.910123	1
0.935933	1
0.912841	1
0.858748	1
0.88692	1
0.901774	1
0.910079	1
0.922651	1
0.850755	1
0.84269	1
0.938252	1
0.947573	1
0.942803	1
0.9361	1
0.835485	1
0.93104	1
0.879947	1
0.907473	1
0.847123	1
0.926631	1
0.914827	1
0.897496	1
0.834381	1
0.896671	1
0.939263	1
0.936421	1
0.944958	1
0.918849	1
0.928446	1
0.949262	1
0.900644	1
0.898509	1
0.83285	1
0.847668	1
0.846216	1
0.809486	1
0.926836	1
0.906542	1
0.844593	1
0.895952	1
0.931541	1
0.820307	1
0.900917	1
0.811719	1
0.801465	1
0.864347	1
0.875213	1
0.821708	1
0.80846	1
0.902676	1
0.936075	1
0.875661	1
0.928764	1
0.893274	1
0.940181	1
0.882683	1
0.940407	1
0.915006	1
0.807316	1
0.84146	1
0.912734	1
0.92007	1
0.829823	1
0.831402	1
0.90227	1
0.933957	1
0.946473	1
0.818668	1
0.891009	1
0.906247	1
0.906497	1
0.917276	1
0.856298	1
0.940547	1
0.877694	1
0.931943	1
0.822817	1
0.9447	1
0.93157	1
0.887176	1
0.853421	1
0.946414	1
0.940682	1
0.889832	1
0.812994	1
0.906659	1
0.934109	1
0.947137	1
0.816095	1
0.948898	1
0.922879	1
0.894925	1
0.895753	1
0.924529	1
0.908854	1
0.875409	1
0.871693	1
0.865732	1
0.913104	1
0.906544	1
0.920845	1
0.832151	1
0.81224	1
0.856952	1
0.856791	1
0.933667	1
0.870868	1
0.914292	1
0.818229	1
0.924643	1
0.880587	1
0.85936	1
0.920551	1
0.856976	1
0.912914	1
0.940154	1
0.934876	1
0.94974	1
0.839301	1
0.863882	1
0.92586	1
0.902208	1
0.921581	1
0.908215	1
0.913094	1
0.916862	1
0.828305	1
0.945434	1
0.870888	1
0.929046	1
0.884842	1
0.917653	1
0.827365	1
0.896067	1
0.943479	1
0.935936	1
0.839945	1
0.940198	1
0.920075	1
0.806664	1
0.948453	1
0.941196	1
0.948301	1
0.906329	1
0.926949	1
0.931221	1
0.83034	1
0.829448	1
0.946089	1
0.94318	1
0.934405	1
0.94413	1
0.859355	1
0.85308	1
0.871367	1
0.866517	1
0.894744	1
0.933686	1
0.927876	1
0.801277	1
0.828893	1
0.948542	1
0.940015	1
0.841823	1
0.92205	1
0.901006	1
0.900375	1
0.902247	1
0.836183	1
0.812627	1
0.920563	1
0.894242	1
0.945639	1
0.949037	1
0.919633	1
0.829995	1
0.923201	1
0.94862	1
0.941931	1
0.888342	1
0.885623	1
0.949005	1
0.877871	1
0.839175	1
0.846834	1
0.900437	1
0.997485	1
0.999294	1
0.997772	1
0.974122	1
0.999386	1
0.998382	1
0.997286	1
0.998895	1
0.999451	1
0.999393	1
0.999675	1
0.999678	1
0.999501	1
0.999473	1
0.971395	1
0.994271	1
0.999112	1
0.997961	1
0.999804	1
0.999506	1
0.999555	1
0.999853	1
0.999839	1
0.999147	1
0.999203	1
0.996854	1
0.993333	1
0.996256	1
0.997314	1
0.999051	1
0.996563	1
0.998243	1
0.999052	1
0.981397	1
0.999065	1
0.998465	1
0.996583	1
0.972082	1
0.998679	1
0.998491	1
0.988167	1
0.9966	1
0.997808	1
0.999331	1
0.998358	1
0.998042	1
0.999761	1
0.998852	1
0.998205	1
0.984788	1
0.99954	1
0.999783	1
0.999441	1
0.996435	1
0.995089	1
0.978268	1
0.998982	1
0.99182	1
0.999351	1
0.999489	1
0.961697	1
0.969502	1
0.998082	1
0.999013	1
0.997935	1
0.972066	1
0.998631	1
0.998992	1
0.992145	1
0.99689	1
0.996235	1
0.99576	1
0.998556	1
0.997987	1
0.999227	1
0.989975	1
0.999335	1
0.999625	1
0.999565	1
0.999192	1
0.999831	1
0.999342	1
0.999529	1
0.99953	1
0.999609	1
0.999791	1
0.993471	1
0.999651	1
0.99897	1
0.997785	1
0.999044	1
0.996671	1
0.999256	1
0.998935	1
0.99921	1
0.999545	1
0.999908	1
0.999948	1
0.99958	1
0.999857	1
0.999438	1
0.999828	1
0.999894	1
0.999815	1
0.999698	1
0.999783	1
0.99773	1
0.998076	1
0.995008	1
0.995456	1
0.998671	1
0.998649	1
0.997694	1
0.998276	1
0.997909	1
0.996268	1
0.964046	1
0.984909	1
0.990017	1
0.994965	1
0.988181	1
0.999419	1
0.999404	1
0.997396	1
0.999389	1
0.999649	1
0.998987	1
0.999326	1
0.998399	1
0.996248	1
0.997822	1
0.999831	1
0.999217	1
0.990945	1
0.99725	1
0.995465	1
0.992693	1
0.996897	1
0.995112	1
0.993181	1
0.966648	1
0.958807	1
0.986913	1
0.983727	1
0.980093	1
0.957961	1
0.98137	1
0.997578	1
0.996328	1
0.993604	1
0.955109	1
0.961211	1
0.95357	1
0.960555	1
0.967921	1
0.985745	1
0.963278	1
0.968375	1
0.988955	1
0.984721	1
0.960169	1
0.991775	1
0.992073	1
0.985603	1
0.995468	1
0.988645	1
0.979202	1
0.976882	1
0.965042	1
0.987989	1
0.975796	1
0.986312	1
0.960889	1
0.961691	1
0.983195	1
0.993619	1
0.994187	1
0.991217	1
0.960361	1
0.982535	1
0.976905	1
0.957841	1
0.966741	1
0.988084	1
0.961309	1
0.956525	1
0.973164	1
0.971768	1
0.958598	1
0.969196	1
0.991153	1
0.984225	1
0.974872	1
0.985977	1
0.970199	1
0.96864	1
0.982008	1
0.976107	1
0.968635	1
0.977287	1
0.984429	1
0.969295	1
0.999314	1
0.997359	1
0.989692	1
0.990307	1
0.985122	1
0.981721	1
0.992791	1
0.969216	1
0.982142	1
0.952187	1
0.978619	1
0.95043	1
0.965762	1
0.957721	1
0.961179	1
0.954517	1
0.952361	1
0.970093	1
0.99969	1
0.998739	1
0.999715	1
0.999753	1
0.999705	1
0.99966	1
0.99979	1
0.997253	1
0.978807	1
0.963583	1
0.999712	1
0.995137	1
0.998858	1
0.999785	1
0.999669	1
0.999837	1
0.998448	1
0.999853	1
0.989118	1
0.982987	1
0.989477	1
0.981209	1
0.996961	1
0.999047	1
0.999281	1
0.998469	1
0.997571	1
0.999043	1
0.999514	1
0.999641	1
0.997573	1
0.999137	1
0.999557	1
0.971054	1
0.964338	1
0.998458	1
0.994321	1
0.999187	1
0.977744	1
0.998357	1
0.995763	1
0.974684	1
0.982134	1
0.988144	1
0.99678	1
0.958232	1
0.998839	1
0.997948	1
0.993637	1
0.997817	1
0.998811	1
0.999357	1
0.999102	1
0.953998	1
0.997562	1
0.976141	1
0.997958	1
0.999461	1
0.99949	1
0.998109	1
0.991598	1
0.993686	1
0.995731	1
0.993407	1
0.997521	1
0.991971	1
0.998391	1
0.996449	1
0.999458	1
0.99861	1
0.999668	1
0.998784	1
0.999362	1
0.999827	1
0.999337	1
0.999464	1
0.999713	1
0.999	1
0.998466	1
0.997482	1
0.99819	1
0.997034	1
0.996346	1
0.997434	1
0.983205	1
0.999257	1
0.998351	1
0.999223	1
0.999095	1
0.999081	1
0.999516	1
0.998918	1
0.999026	1
0.999272	1
0.996477	1
0.994033	1
0.994999	1
0.997671	1
0.995989	1
0.976139	1
0.995423	1
0.998798	1
0.999333	1
0.998177	1
0.990645	1
0.998842	1
0.999511	1
0.994234	1
0.997903	1
0.968527	1
0.996724	1
0.993098	1
0.991312	1
0.993813	1
0.997012	1
0.998519	1
0.999806	1
0.99738	1
0.998599	1
0.998745	1
0.995877	1
0.999019	1
0.990348	1
0.984066	1
0.993595	1
0.996113	1
0.99708	1
0.999656	1
0.999709	1
0.999225	1
0.999462	1
0.999407	1
0.999172	1
0.998224	1
0.996075	1
0.997739	1
0.999708	1
0.996865	1
0.998872	1
0.999065	1
0.988615	1
0.998862	1
0.999656	1
0.99129	1
0.977465	1
0.990158	1
0.98045	1
0.971851	1
0.987135	1
0.983742	1
0.978998	1
0.996181	1
0.998951	1
0.996979	1
0.999646	1
0.996916	1
0.999156	1
0.996189	1
0.996937	1
0.999639	1
0.999738	1
0.995666	1
0.967695	1
0.992391	1
0.984348	1
0.98172	1
0.993874	1
0.984304	1
0.975019	1
0.999764	1
0.999732	1
0.999628	1
0.999529	1
0.999707	1
0.999709	1
0.989559	1
0.995399	1
0.995439	1
0.999637	1
0.999455	1
0.999593	1
0.999025	1
0.998104	1
0.999532	1
0.998725	1
0.999164	1
0.999617	1
0.999326	1
0.996072	1
0.99838	1
0.999026	1
0.99854	1
0.997188	1
0.998319	1
0.997936	1
0.998926	1
0.996399	1
0.963343	1
0.99674	1
0.978353	1
0.989367	1
0.981009	1
0.988758	1
0.999787	1
0.999283	1
0.998142	1
0.999348	1
0.999608	1
0.999497	1
0.995324	1
0.993417	1
0.998478	1
0.991201	1
0.978962	1
0.977169	1
0.97393	1
0.99863	1
0.975722	1
0.959427	1
0.964733	1
0.997797	1
0.98875	1
0.997828	1
0.998196	1
0.999042	1
0.993389	1
0.997445	1
0.979406	1
0.978871	1
0.988205	1
0.982392	1
0.986896	1
0.992188	1
0.997481	1
0.963056	1
0.998411	1
0.997327	1
0.975395	1
0.954098	1
0.999267	1
0.996481	1
0.999021	1
0.996234	1
0.997504	1
0.998609	1
0.997438	1
0.960086	1
0.97267	1
0.98118	1
0.987991	1
0.962067	1
0.99815	1
0.993588	1
0.996494	1
0.990944	1
0.997656	1
0.994413	1
0.997156	1
0.997718	1
0.974349	1
0.996539	1
0.997041	1
0.973738	1
0.97724	1
0.979662	1
0.984517	1
0.992111	1
0.990173	1
0.994311	1
0.99364	1
0.993828	1
0.984572	1
0.981479	1
0.992259	1
0.981656	1
0.995011	1
0.98882	1
0.963473	1
0.987584	1
0.965439	1
0.955884	1
0.978511	1
0.997352	1
0.990929	1
0.951445	1
0.975657	1
0.998122	1
0.998327	1
0.998701	1
0.96337	1
0.989588	1
0.989896	1
0.993984	1
0.98584	1
0.989169	1
0.978657	1
0.972514	1
0.975655	1
0.99729	1
0.981248	1
0.986342	1
0.981684	1
0.960856	1
0.984382	1
0.991296	1
0.993595	1
0.990327	1
0.998639	1
0.999201	1
0.996022	1
0.995979	1
0.994538	1
0.997353	1
0.973599	1
0.986626	1
0.966517	1
0.967209	1
0.974049	1
0.989537	1
0.997474	1
0.99793	1
0.996885	1
0.998682	1
0.995486	1
0.991833	1
0.994769	1
0.999844	1
0.998384	1
0.99972	1
0.999498	1
0.995892	1
0.998811	1
0.991832	1
0.996346	1
0.996156	1
0.994239	1
0.998648	1
0.997728	1
0.994109	1
0.999213	1
0.998763	1
0.997056	1
0.980739	1
0.987306	1
0.991293	1
0.993526	1
0.963646	1
0.997422	1
0.995919	1
0.991499	1
0.980487	1
0.95182	1
0.995651	1
0.996891	1
0.989542	1
0.993184	1
0.980123	1
0.992608	1
0.986664	1
0.995567	1
0.998647	1
0.996075	1
0.998434	1
0.995131	1
0.998681	1
0.995594	1
0.998082	1
0.996282	1
0.99924	1
0.99935	1
0.998167	1
0.999222	1
0.997675	1
0.999294	1
0.999534	1
0.998831	1
0.999335	1
0.998881	1
0.979103	1
0.998333	1
0.998528	1
0.998119	1
0.997735	1
0.995791	1
0.97357	1
0.950855	1
0.960653	1
0.95829	1
0.956786	1
0.982251	1
0.976929	1
0.980466	1
0.982784	1
0.986907	1
0.989386	1
0.955849	1
0.992784	1
0.976627	1
0.964076	1
0.960099	1
0.988285	1
0.981772	1
0.980993	1
0.987616	1
0.990433	1
0.973708	1
0.997836	1
0.996426	1
0.997828	1
0.986527	1
0.995311	1
0.960305	1
0.992884	1
0.996417	1
0.99519	1
0.961906	1
0.993517	1
0.99396	1
0.983107	1
0.994098	1
0.992836	1
0.992178	1
0.979743	1
0.985345	1
0.996767	1
0.994142	1
0.994658	1
0.998705	1
0.99886	1
0.998754	1
0.994224	1
0.985214	1
0.972936	1
0.986847	1
0.993876	1
0.969983	1
0.982607	1
0.999205	1
0.999205	1
0.998786	1
0.998159	1
0.998887	1
0.995443	1
0.993534	1
0.996991	1
0.979835	1
0.997847	1
0.998046	1
0.981629	1
0.979251	1
0.995897	1
0.999038	1
0.996014	1
0.998165	1
0.997857	1
0.998552	1
0.999437	1
0.996616	1
0.999514	1
0.997593	1
0.999044	1
0.997448	1
0.998898	1
0.996287	1
0.99901	1
0.998343	1
0.997451	1
0.992514	1
0.984514	1
0.952206	1
0.98697	1
0.992172	1
0.985701	1
0.995959	1
0.995091	1
0.995375	1
0.999594	1
0.997217	1
0.993312	1
0.980482	1
0.999824	1
0.999688	1
0.999564	1
0.999423	1
0.999308	1
0.996511	1
0.994754	1
0.994562	1
0.997381	1
0.988099	1
0.997239	1
0.995277	1
0.993597	1
0.998333	1
0.998569	1
0.997936	1
0.98202	1
0.998471	1
0.995756	1
0.998121	1
0.996598	1
0.976515	1
0.999207	1
0.981533	1
0.998272	1
0.998769	1
0.998148	1
0.96103	1
0.967206	1
0.999219	1
0.986095	1
0.999738	1
0.999705	1
0.998243	1
0.999418	1
0.999429	1
0.999252	1
0.970732	1
0.998832	1
0.999425	1
0.998956	1
0.998076	1
0.997678	1
0.996678	1
0.994212	1
0.998131	1
0.995436	1
0.996759	1
0.994759	1
0.989403	1
0.999477	1
0.994066	1
0.995247	1
0.997438	1
0.993492	1
0.991398	1
0.991873	1
0.999453	1
0.998563	1
0.999365	1
0.999419	1
0.998502	1
0.999586	1
0.999633	1
0.992404	1
0.992299	1
0.99873	1
0.998137	1
0.999591	1
0.998492	1
0.999813	1
0.999455	1
0.998187	1
0.991201	1
0.994478	1
0.989176	1
0.997664	1
0.975873	1
0.995021	1
0.995389	1
0.999087	1
0.99803	1
0.99926	1
0.996673	1
0.998438	1
0.998935	1
0.998275	1
0.999477	1
0.990254	1
0.99768	1
0.980317	1
0.974342	1
0.987794	1
0.99093	1
0.989532	1
0.969556	1
0.990618	1
0.995243	1
0.986671	1
0.989164	1
0.999649	1
0.998763	1
0.998744	1
0.998	1
0.999319	1
0.999518	1
0.998349	1
0.999163	1
0.998309	1
0.99955	1
0.99703	1
0.985625	1
0.995585	1
0.994984	1
0.998826	1
0.995778	1
0.993721	1
0.997692	1
0.998417	1
0.995409	1
0.998504	1
0.996158	1
0.998837	1
0.987184	1
0.959539	1
0.961453	1
0.985305	1
0.978716	1
0.961578	1
0.986494	1
0.993806	1
0.998197	1
0.998773	1
0.988725	1
0.992528	1
0.995794	1
0.998665	1
0.957084	1
0.964222	1
0.99726	1
0.986531	1
0.988099	1
0.983586	1
0.980798	1
0.996843	1
0.980016	1
0.993285	1
0.990805	1
0.997414	1
0.997962	1
0.998963	1
0.997771	1
0.998144	1
0.996658	1
0.997927	1
0.964432	1
0.995579	1
0.992095	1
0.9974	1
0.992942	1
0.995618	1
0.97349	1
0.963917	1
0.975636	1
0.997125	1
0.97191	1
0.974235	1
0.954927	1
0.953684	1
0.981498	1
0.982207	1
0.971568	1
0.969186	1
0.963244	1
0.990418	1
0.993429	1
0.997674	1
0.990521	1
0.979999	1
0.992851	1
0.980372	1
0.980601	1
0.965145	1
0.991328	1
0.978872	1
0.952447	1
0.966094	1
0.972573	1
0.997815	1
0.973415	1
0.996234	1
0.972451	1
0.986323	1
0.954469	1
0.963968	1
0.969055	1
0.996959	1
0.99561	1
0.996934	1
0.992686	1
0.98588	1
0.985001	1
0.997761	1
0.985903	1
0.99661	1
0.995245	1
0.994749	1
0.999035	1
0.998225	1
0.996965	1
0.980553	1
0.987205	1
0.994072	1
0.977238	1
0.996204	1
0.955025	1
0.984859	1
0.983099	1
0.987869	1
0.982794	1
0.993133	1
0.998296	1
0.995285	1
0.996368	1
0.999244	1
0.998523	1
0.987351	1
0.998688	1
0.998609	1
0.989535	1
0.997193	1
0.964617	1
0.995842	1
0.967372	1
0.978041	1
0.965415	1
0.950318	1
0.979475	1
0.984794	1
0.992649	1
0.996338	1
0.975766	1
0.997451	1
0.996499	1
0.999213	1
0.99821	1
0.996429	1
0.989905	1
0.985652	1
0.984536	1
0.991503	1
0.986678	1
0.969522	1
0.982873	1
0.999698	1
0.998293	1
0.99736	1
0.999258	1
0.998721	1
0.999566	1
0.998699	1
0.964274	1
0.996611	1
0.987343	1
0.979149	1
0.99636	1
0.985341	1
0.998046	1
0.985971	1
0.99564	1
0.997652	1
0.994615	1
0.998547	1
0.997973	1
0.997738	1
0.999148	1
0.994648	1
0.99942	1
0.998915	1
0.999473	1
0.999092	1
0.998561	1
0.997092	1
0.997246	1
0.996496	1
0.997692	1
0.996017	1
0.998733	1
0.995351	1
0.988713	1
0.983391	1
0.993924	1
0.978613	1
0.972626	1
0.97172	1
0.999162	1
0.998791	1
0.999549	1
0.998021	1
0.997006	1
0.997181	1
0.998584	1
0.997927	1
0.959005	1
0.996326	1
0.989977	1
0.994483	1
0.997328	1
0.998209	1
0.952527	1
0.990717	1
0.987115	1
0.990748	1
0.983811	1
0.987498	1
0.986993	1
0.996325	1
0.988717	1
0.996516	1
0.99636	1
0.979535	1
0.992684	1
0.99899	1
0.997276	1
0.998211	1
0.980764	1
0.961866	1
0.996146	1
0.997657	1
0.971108	1
0.996685	1
0.987102	1
0.984603	1
0.993906	1
0.999435	1
0.997642	1
0.994807	1
0.997215	1
0.967899	1
0.977659	1
0.963434	1
0.976918	1
0.968737	1
0.994126	1
0.998359	1
0.999152	1
0.995092	1
0.998414	1
0.998879	1
0.998836	1
0.997448	1
0.997243	1
0.995616	1
0.996205	1
0.997172	1
0.985123	1
0.990324	1
0.996757	1
0.993716	1
0.995241	1
0.996556	1
0.999122	1
0.996943	1
0.996206	1
0.993648	1
0.991711	1
0.991285	1
0.992821	1
0.996609	1
0.992003	1
0.997398	1
0.97954	1
0.99745	1
0.998995	1
0.998637	1
0.989679	1
0.970885	1
0.986742	1
0.984634	1
0.998027	1
0.999015	1
0.997402	1
0.997309	1
0.995236	1
0.989081	1
0.997544	1
0.997492	1
0.99788	1
0.995902	1
0.997304	1
0.991822	1
0.996162	1
0.9599	1
0.995352	1
0.995053	1
0.9982	1
0.997078	1
0.997266	1
0.994281	1
0.993566	1
0.997288	1
0.999081	1
0.999065	1
0.99828	1
0.9978	1
0.997306	1
0.998922	1
0.996666	1
0.997297	1
0.999522	1
0.999101	1
0.99885	1
0.998423	1
0.992726	1
0.988309	1
0.995183	1
0.981135	1
0.951055	1
0.990374	1
0.970731	1
0.976825	1
0.970483	1
0.991398	1
0.981927	1
0.998762	1
0.995656	1
0.995097	1
0.998003	1
0.997172	1
0.998156	1
0.994177	1
0.998629	1
0.998492	1
0.996955	1
0.991636	1
0.998887	1
0.998614	1
0.997746	1
0.996576	1
0.993143	1
0.985743	1
0.997472	1
0.998285	1
0.992709	1
0.997711	1
0.998315	1
0.973952	1
0.997445	1
0.999612	1
0.998844	1
0.999267	1
0.999399	1
0.999125	1
0.997239	1
0.992091	1
0.978814	1
0.99889	1
0.996859	1
0.988643	1
0.988077	1
0.988777	1
0.968932	1
0.991502	1
0.994985	1
0.997908	1
0.996922	1
0.99816	1
0.994082	1
0.997959	1
0.993267	1
0.989801	1
0.982077	1
0.973775	1
0.986987	1
0.983534	1
0.976383	1
0.995665	1
0.992457	1
0.986865	1
0.989741	1
0.99242	1
0.996821	1
0.987548	1
0.998653	1
0.998694	1
0.996945	1
0.9986	1
0.998004	1
0.997446	1
0.991769	1
0.996832	1
0.998727	1
0.997415	1
0.997687	1
0.99803	1
0.999036	1
0.989241	1
0.997527	1
0.996206	1
0.987125	1
0.998919	1
0.991828	1
0.994228	1
0.999635	1
0.999191	1
0.998343	1
0.999667	1
0.999394	1
0.998853	1
0.987554	1
0.979305	1
0.998209	1
0.987003	1
0.994967	1
0.996652	1
0.963525	1
0.997359	1
0.992921	1
0.998908	1
0.997328	1
0.99438	1
0.990685	1
0.990276	1
0.986287	1
0.989479	1
0.991902	1
0.999117	1
0.99688	1
0.999518	1
0.999379	1
0.999377	1
0.971056	1
0.998796	1
0.9994	1
0.998565	1
0.999816	1
0.999045	1
0.99949	1
0.997626	1
0.99648	1
0.987563	1
0.990584	1
0.990212	1
0.993526	1
0.995191	1
0.994376	1
0.997572	1
0.999587	1
0.999317	1
0.998416	1
0.998643	1
0.997978	1
0.999059	1
0.999903	1
0.999382	1
0.999456	1
0.999818	1
0.999784	1
0.999745	1
0.999606	1
0.999924	1
0.99975	1
0.999765	1
0.999805	1
0.999602	1
0.999393	1
0.995648	1
0.997733	1
0.996167	1
0.999181	1
0.998594	1
0.999675	1
0.993688	1
0.999701	1
0.998595	1
0.993739	1
0.994213	1
0.99871	1
0.995483	1
0.997039	1
0.998691	1
0.965523	1
0.988294	1
0.995467	1
0.998617	1
0.993593	1
0.999819	1
0.998692	1
0.971102	1
0.964965	1
0.96168	1
0.981741	1
0.979409	1
0.989822	1
0.998947	1
0.994679	1
0.986267	1
0.99124	1
0.962895	1
0.999383	1
0.990546	1
0.99687	1
0.986848	1
0.983323	1
0.994893	1
0.995109	1
0.994437	1
0.992037	1
0.956579	1
0.999518	1
0.951272	1
0.983094	1
0.97904	1
0.999907	1
0.999789	1
0.999415	1
0.99958	1
0.999573	1
0.999876	1
0.999555	1
0.997795	1
0.993111	1
0.955844	1
0.983109	1
0.996	1
0.994919	1
0.98748	1
0.993417	1
0.957088	1
0.988709	1
0.996921	1
0.998947	1
0.998744	1
0.9989	1
0.996482	1
0.997998	1
0.997344	1
0.996964	1
0.998082	1
0.998899	1
0.999432	1
0.997795	1
0.998527	1
0.998143	1
0.998704	1
0.999365	1
0.998972	1
0.998993	1
0.99375	1
0.995284	1
0.998905	1
0.996473	1
0.997636	1
0.996808	1
0.996711	1
0.998703	1
0.995983	1
0.992667	1
0.999016	1
0.998538	1
0.998546	1
0.997149	1
0.998616	1
0.99916	1
0.999117	1
0.999131	1
0.996197	1
0.981753	1
0.98769	1
0.996579	1
0.987782	1
0.992919	1
0.997116	1
0.977636	1
0.990965	1
0.993834	1
0.963417	1
0.995388	1
0.996354	1
0.998722	1
0.998176	1
0.99711	1
0.986829	1
0.998876	1
0.999202	1
0.99981	1
0.999439	1
0.999726	1
0.998309	1
0.998725	1
0.997968	1
0.999903	1
0.997707	1
0.999488	1
0.999714	1
0.999085	1
0.999496	1
0.998513	1
0.995558	1
0.996534	1
0.995299	1
0.990011	1
0.977952	1
0.987436	1
0.961739	1
0.953772	1
0.993465	1
0.99097	1
0.991755	1
0.995215	1
0.987415	1
0.993286	1
0.995988	1
0.994644	1
0.951731	1
0.988017	1
0.9881	1
0.971626	1
0.993735	1
0.989578	1
0.991949	1
0.99164	1
0.9739	1
0.997574	1
0.99923	1
0.998917	1
0.996747	1
0.997228	1
0.968853	1
0.999008	1
0.998503	1
0.988461	1
0.983122	1
0.9861	1
0.975306	1
0.971822	1
0.981326	1
0.993901	1
0.998113	1
0.999079	1
0.996149	1
0.996621	1
0.996493	1
0.976307	1
0.999328	1
0.99968	1
0.999846	1
0.989731	1
0.988571	1
0.999759	1
0.964234	1
0.987227	1
0.979827	1
0.998822	1
0.981338	1
0.98894	1
0.985398	1
0.980909	1
0.96019	1
0.994212	1
0.998812	1
0.999385	1
0.989065	1
0.995196	1
0.998842	1
0.996692	1
0.999432	1
0.997133	1
0.997117	1
0.998549	1
0.99912	1
0.986118	1
0.994219	1
0.997335	1
0.990678	1
0.988505	1
0.989679	1
0.99586	1
0.992542	1
0.96058	1
0.988848	1
0.993125	1
0.981053	1
0.98251	1
0.968062	1
0.950787	1
0.975761	1
0.994746	1
0.974174	1
0.977591	1
0.99286	1
0.990096	1
0.998908	1
0.98699	1
0.972154	1
0.99182	1
0.989299	1
0.970352	1
0.998984	1
0.988628	1
0.997356	1
0.999402	1
0.998906	1
0.99973	1
0.999769	1
0.998815	1
0.999613	1
0.995023	1
0.962614	1
0.959787	1
0.988119	1
0.971437	1
0.993162	1
0.988196	1
0.983391	1
0.958491	1
0.969442	1
0.954218	1
0.997876	1
0.997632	1
0.983601	1
0.999308	1
0.999486	1
0.99948	1
0.999342	1
0.998315	1
0.998091	1
0.985662	1
0.99912	1
0.999186	1
0.990336	1
0.999395	1
0.995701	1
0.99906	1
0.998305	1
0.996778	1
0.988115	1
0.955508	1
0.963766	1
0.983654	1
0.97651	1
0.960158	1
0.965962	1
0.992368	1
0.991969	1
0.993846	1
0.990425	1
0.994758	1
0.992565	1
0.971236	1
0.998643	1
0.993885	1
0.997795	1
0.998962	1
0.978881	1
0.981743	1
0.978719	1
0.983216	1
0.985207	1
0.983665	1
0.987048	1
0.995771	1
0.995615	1
0.995703	1
0.966743	1
0.986498	1
0.958738	1
0.986618	1
0.987777	1
0.956953	1
0.976069	1
0.982734	1
0.976939	1
0.996342	1
0.982643	1
0.986895	1
0.97301	1
0.991593	1
0.977317	1
0.997291	1
0.99985	1
0.999772	1
0.999717	1
0.999711	1
0.99989	1
0.985739	1
0.963827	1
0.996019	1
0.999344	1
0.991723	1
0.996212	1
0.999188	1
0.991713	1
0.972371	1
0.999852	1
0.983464	1
0.994393	1
0.9961	1
0.99903	1
0.9883	1
0.99883	1
0.997599	1
0.995149	1
0.999251	1
0.993796	1
0.998901	1
0.99761	1
0.998607	1
0.99851	1
0.999053	1
0.996896	1
0.998568	1
0.957525	1
0.989359	1
0.998789	1
0.997303	1
0.992258	1
0.994555	1
0.993515	1
0.999244	1
0.996049	1
0.994953	1
0.999105	1
0.999349	1
0.956362	1
0.997718	1
0.997039	1
0.998256	1
0.987618	1
0.992279	1
0.99223	1
0.998801	1
0.990968	1
0.997438	1
0.990217	1
0.99816	1
0.991691	1
0.994998	1
0.980391	1
0.969155	1
0.964609	1
0.989449	1
0.965937	1
0.983103	1
0.954945	1
0.987405	1
0.956535	1
0.976307	1
0.955016	1
0.995654	1
0.995577	1
0.973982	1
0.981511	1
0.99348	1
0.973996	1
0.997625	1
0.987266	1
0.979454	1
0.990629	1
0.993834	1
0.980876	1
0.98717	1
0.988415	1
0.993825	1
0.99882	1
0.999374	1
0.995807	1
0.998647	1
0.992079	1
0.997235	1
0.997616	1
0.994178	1
0.979132	1
0.997132	1
0.994329	1
0.990101	1
0.973264	1
0.961707	1
0.990071	1
0.999445	1
0.999321	1
0.998898	1
0.996097	1
0.960924	1
0.961484	1
0.999431	1
0.99603	1
0.996154	1
0.993929	1
0.995514	1
0.998238	1
0.990826	1
0.999446	1
0.999242	1
0.999348	1
0.999114	1
0.998315	1
0.997204	1
0.996334	1
0.999606	1
0.995151	1
0.998121	1
0.9879	1
0.997908	1
0.994926	1
0.983645	1
0.965488	1
0.980643	1
0.982072	1
0.998888	1
0.999899	1
0.9985	1
0.999749	1
0.999809	1
0.999752	1
0.999763	1
0.999333	1
0.998674	1
0.999347	1
0.997057	1
0.999506	1
0.999675	1
0.999576	1
0.999572	1
0.998722	1
0.999317	1
0.999339	1
0.999426	1
0.999876	1
0.999854	1
0.999849	1
0.999222	1
0.999268	1
0.999487	1
0.999578	1
0.999616	1
0.993383	1
0.999452	1
0.998778	1
0.999201	1
0.999481	1
0.998943	1
0.999501	1
0.999673	1
0.999573	1
0.999409	1
0.997395	1
0.962944	1
0.993247	1
0.995661	1
0.992951	1
0.998292	1
0.999475	1
0.998559	1
0.976148	1
0.999054	1
0.993421	1
0.999787	1
0.997097	1
0.998819	1
0.998784	1
0.999611	1
0.99962	1
0.998769	1
0.999809	1
0.993036	1
0.991947	1
0.970124	1
0.987493	1
0.995469	1
0.998727	1
0.970578	1
0.995469	1
0.9881	1
0.976441	1
0.985356	1
0.984789	1
0.999548	1
0.984813	1
0.986983	1
0.985502	1
0.998965	1
0.993493	1
0.991515	1
0.99895	1
0.985648	1
0.999319	1
0.999433	1
0.991797	1
0.990851	1
0.994588	1
0.962087	1
0.990759	1
0.985089	1
0.99694	1
0.99808	1
0.999682	1
0.998504	1
0.998428	1
0.998138	1
0.994834	1
0.999262	1
0.976141	1
0.990335	1
0.990543	1
0.985124	1
0.987186	1
0.988006	1
0.978277	1
0.997171	1
0.98208	1
0.995096	1
0.989815	1
0.997681	1
0.992905	1
0.998603	1
0.998614	1
0.996254	1
0.997202	1
0.998999	1
0.999159	1
0.999365	1
0.995585	1
0.9992	1
0.99885	1
0.998897	1
0.999386	1
0.995277	1
0.998157	1
0.999161	1
0.999417	1
0.998943	1
0.999562	1
0.997721	1
0.998886	1
0.992555	1
0.998312	1
0.99694	1
0.992989	1
0.997869	1
0.999013	1
0.998948	1
0.997849	1
0.999862	1
0.996404	1
0.999817	1
0.999849	1
0.999491	1
0.99577	1
0.999265	1
0.989175	1
0.982257	1
0.99652	1
0.993373	1
0.996174	1
0.99761	1
0.997958	1
0.995489	1
0.999326	1
0.998582	1
0.999527	1
0.999067	1
0.995485	1
0.965723	1
0.999358	1
0.998809	1
0.997991	1
0.99907	1
0.99868	1
0.997474	1
0.998045	1
0.97125	1
0.999789	1
0.999365	1
0.998486	1
0.999758	1
0.998812	1
0.997463	1
0.997952	1
0.999112	1
0.999633	1
0.999572	1
0.999432	1
0.999463	1
0.99925	1
0.999227	1
0.990106	1
0.996397	1
0.971187	1
0.996035	1
0.985257	1
0.995807	1
0.999384	1
0.999676	1
0.999621	1
0.999676	1
0.999837	1
0.999848	1
0.999817	1
0.995574	1
0.999154	1
0.995759	1
0.995367	1
0.987797	1
0.99955	1
0.981748	1
0.99839	1
0.9985	1
0.996159	1
0.998155	1
0.999449	1
0.997979	1
0.996901	1
0.995043	1
0.997922	1
0.997037	1
0.995431	1
0.996723	1
0.998984	1
0.998701	1
0.997678	1
0.998007	1
0.99842	1
0.996358	1
0.997297	1
0.986225	1
0.966193	1
0.989428	1
0.996013	1
0.999619	1
0.999774	1
0.999816	1
0.999738	1
0.997499	1
0.999729	1
0.9995	1
0.999202	1
0.997665	1
0.991285	1
0.997943	1
0.994975	1
0.998479	1
0.990923	1
0.991271	1
0.991925	1
0.998739	1
0.995395	1
0.999453	1
0.986605	1
0.989425	1
0.993421	1
0.992828	1
0.995008	1
0.995713	1
0.997273	1
0.994695	1
0.996724	1
0.99867	1
0.989143	1
0.998664	1
0.998682	1
0.999178	1
0.998007	1
0.999231	1
0.999113	1
0.998046	1
0.998317	1
0.998417	1
0.996512	1
0.998327	1
0.989788	1
0.996225	1
0.996966	1
0.990883	1
0.993182	1
0.99994	1
0.99989	1
0.999975	1
0.999685	1
0.999393	1
0.999852	1
0.987224	1
0.995815	1
0.996963	1
0.998554	1
0.997122	1
0.999011	1
0.997637	1
0.995131	1
0.997076	1
0.998124	1
0.984914	1
0.999323	1
0.978802	1
0.985458	1
0.996328	1
0.997925	1
0.997979	1
0.993263	1
0.999275	1
0.997914	1
0.992109	1
0.992316	1
0.998248	1
0.99471	1
0.995774	1
0.988885	1
0.982873	1
0.994462	1
0.998209	1
0.998043	1
0.986813	1
0.995795	1
0.98415	1
0.994165	1
0.989966	1
0.99558	1
0.997625	1
0.999102	1
0.995576	1
0.998209	1
0.995511	1
0.995492	1
0.989695	1
0.995477	1
0.996483	1
0.995878	1
0.995544	1
0.990569	1
0.994017	1
0.975049	1
0.99774	1
0.986893	1
0.996522	1
0.987259	1
0.991456	1
0.990313	1
0.955301	1
0.996748	1
0.974122	1
0.991103	1
0.990336	1
0.990375	1
0.987421	1
0.972047	1
